4.659862198269850708e-01 6.838224033641198130e-01 4.679530846286326096e-01 6.856106923937836939e-01
4.680735300670089138e-01 6.857187976266572171e-01 4.679530845417141371e-01 6.856106922073341714e-01
1.050018706999590323e-01 9.010435188129646278e-01 1.073533840824474339e-01 9.055192451528739639e-01
1.002186953683645854e-01 8.920782371409572420e-01 1.050018704720336871e-01 9.010435187833820692e-01
8.004483148725811681e-01 4.005093789091009882e-01 7.994129024620448831e-01 4.012094871203615298e-01
1.107369378256521930e-01 9.119766567269937951e-01 1.073533845262588660e-01 9.055192451578193413e-01
7.712316957297100650e-01 7.591498647435348524e-01 7.616010048730146309e-01 7.522124969830059626e-01
7.611119457457000692e-01 7.518455401628614254e-01 7.616010047058270338e-01 7.522124968402621459e-01
7.591224357770984810e-01 7.512076408979453390e-01 7.611119457567405711e-01 7.518455400737984462e-01
3.264954624927955962e-01 6.996485640980898424e-02 3.231231198077395561e-01 6.722981572664155081e-02
3.127143700510983670e-01 5.922857168099349146e-02 3.152195756301914287e-01 6.124149229850961440e-02
3.152195759874505399e-01 6.124149179427129663e-02 3.231231198077395561e-01 6.722981572664155081e-02
7.458272959157099535e-01 7.460414319858728049e-01 7.475194170400030202e-01 7.467877940309008977e-01
7.436196711634224243e-01 7.458417708931648349e-01 7.458272962731218314e-01 7.460414323657253988e-01
7.591224357770984810e-01 7.512076408979453390e-01 7.475194170400030202e-01 7.467877940309008977e-01
7.436196711634224243e-01 7.458417708931648349e-01 7.346152198640787390e-01 7.439635803110391521e-01
7.338963212772195988e-01 7.437892023613308368e-01 7.346152198640787390e-01 7.439635803110391521e-01
7.108537472139637714e-01 7.406862056373491043e-01 7.185493377616580801e-01 7.415840759080083444e-01
7.185493377616580801e-01 7.415840759080083444e-01 7.296321460170389628e-01 7.428771943805436706e-01
7.338963212772195988e-01 7.437892023613308368e-01 7.318219667888712365e-01 7.431436985870334411e-01
7.296321460170389628e-01 7.428771943805436706e-01 7.318219667888712365e-01 7.431436985870334411e-01
6.915888845378432848e-01 7.385845550862768505e-01 7.032197936171584729e-01 7.393574545907917184e-01
7.108537472139637714e-01 7.406862056373491043e-01 7.075049288944512682e-01 7.399032982746334142e-01
9.613531906750656386e-01 9.733126170802404165e-01 9.611950799737698503e-01 9.736876170111372630e-01
7.032197936171584729e-01 7.393574545907917184e-01 7.054493468239186882e-01 7.394327231452990645e-01
7.054493468239186882e-01 7.394327231452990645e-01 7.075049290905059962e-01 7.399032983141236031e-01
2.586008443969185500e-01 8.894796408406535626e-01 2.577807999526697813e-01 8.898443858093614267e-01
4.048802893361589383e-01 9.514794552364023161e-01 4.116410911083221436e-01 9.391156138434126888e-01
2.577807999526697813e-01 8.898443858093614267e-01 2.575263783825683106e-01 8.899579661257064345e-01
9.613531906750656386e-01 9.733126170802404165e-01 9.618473649024963379e-01 9.723842553219554929e-01
2.586008443969185500e-01 8.894796408406535626e-01 2.740598811800936119e-01 8.839268272752605071e-01
4.315940956202162226e-01 3.296012403279320324e-01 4.324958981746576114e-01 3.312315534999399347e-01
3.002988871734730836e-01 5.087247433567376742e-02 3.091992238185241604e-01 5.679003001024440778e-02
3.127143700510983670e-01 5.922857168099349146e-02 3.091992233752067776e-01 5.679002964793511410e-02
2.845041796716554217e-01 4.155548362509853266e-02 2.907642183421863535e-01 4.516860816834444847e-02
2.728756198514994402e-01 3.455968395082917310e-02 2.769940782969069204e-01 3.690376301595688080e-02
3.002988871734730836e-01 5.087247433567376742e-02 2.999656505143244445e-01 5.069041646042948823e-02
2.907642186809864526e-01 4.516860764158370234e-02 2.999656497506659747e-01 5.069041664740336905e-02
2.769940782969069204e-01 3.690376301595688080e-02 2.845041796716554217e-01 4.155548362509853266e-02
4.178818777931354589e-01 3.037959291910610204e-01 4.225061913940635350e-01 3.105239470380549704e-01
4.249250006689013759e-01 3.140264724278583053e-01 4.225061913940635350e-01 3.105239470380549704e-01
4.273762727213537005e-01 3.169559446368310773e-01 4.315876711996917692e-01 3.295825249715562677e-01
4.249250006689013759e-01 3.140264724278583053e-01 4.273762733287149729e-01 3.169559446283543025e-01
4.315940956202162226e-01 3.296012403279320324e-01 4.315876711996917692e-01 3.295825249715562677e-01
2.728475668311087787e-01 3.454615553347106793e-02 2.728756198514994402e-01 3.455968395082917310e-02
2.727660418759390026e-01 3.451590422508649114e-02 2.728475668311087787e-01 3.454615553347106793e-02
2.727660418759390026e-01 3.451590422508649114e-02 2.683713680899355580e-01 3.300029719574049114e-02
2.425552821768819367e-01 2.368672104545521684e-02 2.434857877615543842e-01 2.405535543182324432e-02
2.506355310567398575e-01 2.682779513631383672e-02 2.606015726688717393e-01 3.020648634355316275e-02
2.434857869162905253e-01 2.405535545270487408e-02 2.506355310567398575e-01 2.682779513631383672e-02
2.606015726688717393e-01 3.020648634355316275e-02 2.683713680899355580e-01 3.300029719574049114e-02
4.012327797524865014e-01 2.864471446056525705e-01 3.996005831086311133e-01 2.850884845591377115e-01
3.844425335597314586e-01 2.753831341802595034e-01 3.862524980224755211e-01 2.758034083898657229e-01
3.889482662174774674e-01 2.765809547552695591e-01 3.930162050687666664e-01 2.794905590893446146e-01
2.425552821768819367e-01 2.368672104545521684e-02 2.397621100255551418e-01 2.292805479431114790e-02
3.971921925110493135e-01 2.820849887379068832e-01 3.996005831648421491e-01 2.850884843063545837e-01
3.862524980224755211e-01 2.758034083898657229e-01 3.889482660583567508e-01 2.765809554584635066e-01
3.971921920210848000e-01 2.820849888162566543e-01 3.930162050687666664e-01 2.794905590893446146e-01
4.178818777931354589e-01 3.037959291910610204e-01 4.155985595726754411e-01 2.996249945008429560e-01
4.012327797524865014e-01 2.864471446056525705e-01 4.015666804784316923e-01 2.866771733598323380e-01
4.155985596166189566e-01 2.996249944669351351e-01 4.153366019096793593e-01 2.993789525671051166e-01
4.151515521810722475e-01 2.991981290735310495e-01 4.069746524021411460e-01 2.920711441789762830e-01
4.153366019096793593e-01 2.993789525671051166e-01 4.151515521810722475e-01 2.991981290735310495e-01
4.069746524021411460e-01 2.920711441789762830e-01 4.015666804784316923e-01 2.866771733598323380e-01
3.533719265175045976e-01 9.619253804444505285e-02 3.549617705423138148e-01 9.760871147559413430e-02
5.021861324425120898e-01 8.904069255837967489e-01 5.020940971357337190e-01 8.925074004409410122e-01
5.020645646759227532e-01 8.961969249144203786e-01 5.017971449292275565e-01 8.996543349387593480e-01
5.022143332785864445e-01 8.881811792029985497e-01 5.021861324425120898e-01 8.904069255837967489e-01
3.501143773642777512e-01 9.257890590158476818e-02 3.533719263717518544e-01 9.619253844482189564e-02
3.572677481271178124e-01 9.958687730007831362e-02 3.549617705475101026e-01 9.760871128926029705e-02
5.020940971357337190e-01 8.925074004409410122e-01 5.020645646759227532e-01 8.961969249144203786e-01
5.015678291972589520e-01 9.034494510083810326e-01 5.017971442926754122e-01 8.996543351816477241e-01
5.022143332785864445e-01 8.881811792029985497e-01 5.026341182295439580e-01 8.833685960127581893e-01
5.029525835771622155e-01 8.804620587463958259e-01 5.026341182295439580e-01 8.833685960127581893e-01
5.044211063404786533e-01 8.732784271536773169e-01 5.043691388782320928e-01 8.735492504723794127e-01
5.053507214624834987e-01 8.644539248221203565e-01 5.044211058082339605e-01 8.732784274814662240e-01
5.029525835771622155e-01 8.804620587463958259e-01 5.043348436826846637e-01 8.737343532227015430e-01
5.043348436826846637e-01 8.737343532227015430e-01 5.043691389762394728e-01 8.735492504160631277e-01
3.264954624927955962e-01 6.996485640980898424e-02 3.299591936739876274e-01 7.329231765846133673e-02
3.299591936283512439e-01 7.329231675509095822e-02 3.364461613787312899e-01 7.921521496780226101e-02
3.437989903307867579e-01 8.645743294585428451e-02 3.364461613787312899e-01 7.921521496780226101e-02
3.441959688895177560e-01 8.679185281711221389e-02 3.437989906746512503e-01 8.645743248396753344e-02
3.501143773642777512e-01 9.257890590158476818e-02 3.500742240427392460e-01 9.254033158521846048e-02
3.441959688895177560e-01 8.679185281711221389e-02 3.500742240427392460e-01 9.254033158521846048e-02
5.075547311514352344e-01 8.507179419155725952e-01 5.061889936542360857e-01 8.592226055018734598e-01
5.077767935443970870e-01 8.487082177898450652e-01 5.075547311514352344e-01 8.507179419155725952e-01
5.053507214624834987e-01 8.644539248221203565e-01 5.061889936542360857e-01 8.592226055018734598e-01
5.111431547662093067e-01 8.319153800866132542e-01 5.107253716827475643e-01 8.339907842390417159e-01
7.712316957297100650e-01 7.591498647435348524e-01 7.760111161427039050e-01 7.619192933708314186e-01
5.077767935443970870e-01 8.487082177898450652e-01 5.107253716827475643e-01 8.339907842390417159e-01
9.337413689055864552e-01 7.924903895872432713e-01 9.349897352798635097e-01 7.919981406863030315e-01
9.541343802314656841e-01 5.407365173130873615e-01 9.523482071123225978e-01 5.416814732386328046e-01
9.498471422808378861e-01 5.429394321620470976e-01 9.482386335685788481e-01 5.438890258792952181e-01
9.448706286911345842e-01 5.458303813456524267e-01 9.441451924510069205e-01 5.462852364794521520e-01
9.401672348717335925e-01 5.487413737814204051e-01 9.402507112994484828e-01 5.486902405137925598e-01
9.373019517513796472e-01 7.907782997763348476e-01 9.349897352798635097e-01 7.919981406863030315e-01
9.664807319641113281e-01 9.639340922704278114e-01 9.633118805483533720e-01 9.663818426756591862e-01
9.482386336073815869e-01 5.438890267177569626e-01 9.448706286911345842e-01 5.458303813456524267e-01
9.406976819735604067e-01 5.484157205027848647e-01 9.441451924510069205e-01 5.462852364794521520e-01
9.406976819735604067e-01 5.484157205027848647e-01 9.402507112065630057e-01 5.486902400478960162e-01
9.371265591980639797e-01 5.507240664155004239e-01 9.401672347773946115e-01 5.487413732379131659e-01
9.337413689055864552e-01 7.924903895872432713e-01 9.299130529138039947e-01 7.943357045551806550e-01
9.362731741760725868e-01 5.511867164625812165e-01 9.368622495873353273e-01 5.508671750219988894e-01
9.713459664502046564e-01 6.223124373841777413e-01 9.743873073598763312e-01 6.218348178539656601e-01
2.895626302607312574e-02 6.317377396384138422e-01 2.406769479666004408e-02 6.317945514446066113e-01
9.371265591980639797e-01 5.507240664155004239e-01 9.368622495873353273e-01 5.508671750219988894e-01
9.347880841004716501e-01 5.520131425633358901e-01 9.362731741760725868e-01 5.511867164625812165e-01
9.829959573227053937e-01 6.203935575200123509e-01 9.743873073598763312e-01 6.218348178539656601e-01
2.066328220601043597e-02 6.318301839602895598e-01 2.406769629392901955e-02 6.317945536055376010e-01
4.102309349908024316e-01 4.131755087518671488e-01 4.086046706324690803e-01 4.231587371669593978e-01
7.305992028846048925e-01 4.068677097061481618e-01 7.319906711656791742e-01 4.086250596013112357e-01
7.354485294459998102e-01 4.131400904257827023e-01 7.394856675716425798e-01 4.151371887897425950e-01
4.083269928025472506e-01 4.253880260249854883e-01 4.086046689437754509e-01 4.231587379234698076e-01
7.319906711656791742e-01 4.086250596013112357e-01 7.354485294969848042e-01 4.131400900706871937e-01
7.424662497696203900e-01 4.166567904862858995e-01 7.394856676310315180e-01 4.151371884005534696e-01
7.464797730793506503e-01 4.180660779877589661e-01 7.424662497696203900e-01 4.166567904862858995e-01
4.083269928025472506e-01 4.253880260249854883e-01 4.083266604898927454e-01 4.260109354536325554e-01
4.079268154053594664e-01 4.278534512356486630e-01 4.083266604898927454e-01 4.260109354536325554e-01
4.060591815316350051e-01 4.425136524813577665e-01 4.061638949591372949e-01 4.411870785821925267e-01
4.025552792918833944e-01 4.545723042855787099e-01 4.030337299634112469e-01 4.534469828326592733e-01
4.060591821149603931e-01 4.425136523604527028e-01 4.058308175757616709e-01 4.434728390357669525e-01
4.079268154053594664e-01 4.278534512356486630e-01 4.061638949591372949e-01 4.411870785821925267e-01
4.054564131428164409e-01 4.445630735283341295e-01 4.030337294971975126e-01 4.534469831032916787e-01
4.054564132502740392e-01 4.445630736995411780e-01 4.058308174602365259e-01 4.434728390495161765e-01
3.022678913730054706e-01 4.355414154968038076e-01 3.003269479877435089e-01 4.381476668974624289e-01
8.531152721446044751e-01 8.556110978517663668e-01 8.585388451789484066e-01 8.564121853390922467e-01
3.022678913730054706e-01 4.355414154968038076e-01 3.041707854197159833e-01 4.325049875379320952e-01
3.067795997865143676e-01 4.281116623617968742e-01 3.041707852032176085e-01 4.325049872446320443e-01
9.559323008351188200e-01 2.773751760608493822e-01 9.551446828359075880e-01 2.771743712415144500e-01
8.832658130006905139e-01 2.921510590388631812e-02 8.774887249905702902e-01 2.881106271231437255e-02
8.157366612311740539e-01 7.281784289949095879e-01 8.146911195129824534e-01 7.282939998369037937e-01
9.496864597388903206e-01 2.728016216433735153e-01 9.515395324838280544e-01 2.739085178135631793e-01
3.151497577935902239e-01 4.122108853793673422e-01 3.067795997865143676e-01 4.281116623617968742e-01
9.559323008351188200e-01 2.773751760608493822e-01 9.563880732755905001e-01 2.775098086976868217e-01
3.187705451463210826e-01 4.037993262330507038e-01 3.188760184602514869e-01 4.037020359361491728e-01
9.585826331364337705e-01 2.783850623468797636e-01 9.563880732755905001e-01 2.775098086976868217e-01
3.193004208200420635e-01 4.032828749513654998e-01 3.188760184879039228e-01 4.037020359769308286e-01
3.298518091059006174e-01 3.932727269684686000e-01 3.193004209136374172e-01 4.032828747967631688e-01
3.151497577935902239e-01 4.122108853793673422e-01 3.187705453086948637e-01 4.037993264530257420e-01
8.045487721111896917e-01 7.291640606755152021e-01 8.036879841877038189e-01 7.290961664200814596e-01
9.613981509289111216e-01 2.793867550381419207e-01 9.606957440673511428e-01 2.792310387832230845e-01
7.981523354220243505e-01 7.286573011852404136e-01 7.954242654596441753e-01 7.284338076441940757e-01
3.338428612833581610e-01 3.886809015597592065e-01 3.316184466665585973e-01 3.913263103259012610e-01
8.036879836613159966e-01 7.290961674455278541e-01 7.981523354220243505e-01 7.286573011852404136e-01
9.599797384898991481e-01 2.790613062343183515e-01 9.606957441353509708e-01 2.792310388480689909e-01
9.585826331364337705e-01 2.783850623468797636e-01 9.599797385063997268e-01 2.790613059808944030e-01
7.954242654743719498e-01 7.284338086832757853e-01 7.877104741369578278e-01 7.278008249444667399e-01
3.298518091059006174e-01 3.932727269684686000e-01 3.316184470111940286e-01 3.913263082567590700e-01
5.054374750088115320e-01 7.115351934066502793e-01 5.079552775181994662e-01 7.129316561410874442e-01
5.020186236926220680e-01 7.097252267819733618e-01 5.054374750088115320e-01 7.115351934066502793e-01
5.135944505608254218e-01 7.159707806960611265e-01 5.079552775963032119e-01 7.129316560085694476e-01
5.349526501868382411e-01 7.255635408178520152e-01 5.283369159172579543e-01 7.225729357846404355e-01
5.135944505608254218e-01 7.159707806960611265e-01 5.283369159172579543e-01 7.225729357846404355e-01
5.408501462238266555e-01 7.279615610357730304e-01 5.349526501868382411e-01 7.255635408178520152e-01
5.443728520757669109e-01 7.290696340047224666e-01 5.494281042849458174e-01 7.303500767896764501e-01
5.628294828788931170e-01 7.335587906660130386e-01 5.665993267152344970e-01 7.342789832576244180e-01
5.494281042849458174e-01 7.303500767896764501e-01 5.566212783767419126e-01 7.321573560312053530e-01
5.730729303922257323e-01 7.359250487628776760e-01 5.665993267152344970e-01 7.342789832576244180e-01
5.628294828788931170e-01 7.335587906660130386e-01 5.566212779955002077e-01 7.321573552796500906e-01
5.443728520757669109e-01 7.290696340047224666e-01 5.428318563524214824e-01 7.285821561486329756e-01
5.408501462238266555e-01 7.279615610357730304e-01 5.428318573327359786e-01 7.285821573129638296e-01
3.933755738638282651e-01 8.154618533941899727e-01 3.964410982030317498e-01 8.036757586070217840e-01
3.968643026690159559e-01 8.020849884467295965e-01 3.964410984582897868e-01 8.036757581935702888e-01
3.899001432704958248e-01 8.284982945484040684e-01 3.933755738638282651e-01 8.154618533941899727e-01
6.822825756974069122e-01 2.557272461986510592e-01 6.821924422531431276e-01 2.545151403283592018e-01
5.932629199433741007e-01 7.391344230531338155e-01 5.922824657860665809e-01 7.389974063691617800e-01
6.801556170536295909e-01 2.447646332151631743e-01 6.821924416069524710e-01 2.545151395218145929e-01
5.919118872758490912e-01 7.389645506233064598e-01 5.922824657860665809e-01 7.389974063691617800e-01
5.910781955674764276e-01 7.388277547297121828e-01 5.824465343807503359e-01 7.372360827411341688e-01
5.737659358983782099e-01 7.360306986301354826e-01 5.744606489623826917e-01 7.360994820923494331e-01
5.730729303922257323e-01 7.359250487628776760e-01 5.737659358774109819e-01 7.360306984722129187e-01
5.919118872758490912e-01 7.389645506233064598e-01 5.910781955674764276e-01 7.388277547297121828e-01
5.755809845297221727e-01 7.362670158238273643e-01 5.824465343807503359e-01 7.372360827411341688e-01
5.755809845297221727e-01 7.362670158238273643e-01 5.744606489028436513e-01 7.360994819582042936e-01
4.081010254482015931e-01 7.707373625436373388e-01 4.069208409607298904e-01 7.737665715738231142e-01
4.065582830251290858e-01 7.746975292204147934e-01 4.069208409607298904e-01 7.737665715738231142e-01
3.968643026690159559e-01 8.020849884467295965e-01 3.984600204887875918e-01 7.978350032424401661e-01
4.065582830251290858e-01 7.746975292204147934e-01 4.037717230240698285e-01 7.837268668165791041e-01
4.037717235164457463e-01 7.837268668335468647e-01 3.984600214364579784e-01 7.978350020522171349e-01
6.796040811672958704e-01 2.402660040924872176e-01 6.791905050433513225e-01 2.425195431063897900e-01
6.801556170536295909e-01 2.447646332151631743e-01 6.791905050433513225e-01 2.425195431063897900e-01
6.796040811672958704e-01 2.402660040924872176e-01 6.796152857404464953e-01 2.390908470277457454e-01
6.789503699123216052e-01 2.283166985835869411e-01 6.806558485009297499e-01 2.265938573979129345e-01
6.796152852675216849e-01 2.390908469888994858e-01 6.789503699123216052e-01 2.283166985835869411e-01
6.827633618026354156e-01 2.244087772168166239e-01 6.806558485009297499e-01 2.265938573979129345e-01
4.081010254482015931e-01 7.707373625436373388e-01 4.096144575192433024e-01 7.677367271720214603e-01
6.897485152609874604e-01 2.190340592486350602e-01 6.876458660404409784e-01 2.203053312934883934e-01
7.039328332270695654e-01 2.146793445004733236e-01 6.971941321557117988e-01 2.159605850262495963e-01
6.845320140795863040e-01 2.221351917910769913e-01 6.876458668160942977e-01 2.203053315401630741e-01
6.827633618026354156e-01 2.244087772168166239e-01 6.845320141894735144e-01 2.221351921427952014e-01
6.971941321557117988e-01 2.159605850262495963e-01 6.897485152609874604e-01 2.190340592486350602e-01
4.005054794942681795e-01 4.613689411808694629e-01 3.986726276176000283e-01 4.685192566756199994e-01
3.972945861636105747e-01 4.715369898028853868e-01 3.956059274465513198e-01 4.765616954662270643e-01
4.025552792918833944e-01 4.545723042855787099e-01 4.010181286966361114e-01 4.598424591906695724e-01
4.005054792437547917e-01 4.613689411988097788e-01 4.007674163717069860e-01 4.608084321089904734e-01
3.972945858552066056e-01 4.715369896388210691e-01 3.986726276176000283e-01 4.685192566756199994e-01
3.947003790688787817e-01 4.800885625335080675e-01 3.956059274465513198e-01 4.765616954662270643e-01
4.007674163717069860e-01 4.608084321089904734e-01 4.010181286966361114e-01 4.598424591906695724e-01
3.947003790688787817e-01 4.800885625335080675e-01 3.942743745779093700e-01 4.821005005209633154e-01
3.940865291965875983e-01 4.837082263844911800e-01 3.942743745779093700e-01 4.821005005209633154e-01
3.940213371541094745e-01 4.845531746196058975e-01 3.934797620687326969e-01 4.920124241868251147e-01
3.934797623802337441e-01 4.920124255830593540e-01 3.922619576251573648e-01 5.066724700547027282e-01
3.917310988492848089e-01 5.125885690834675046e-01 3.922619573130115000e-01 5.066724700725266928e-01
3.940865291965875983e-01 4.837082263844911800e-01 3.940213371541094745e-01 4.845531746196058975e-01
3.920207407746012507e-01 5.368974313729495407e-01 3.920256594300415287e-01 5.315106750407778691e-01
3.920256592645330329e-01 5.315106753920986193e-01 3.919236314384253461e-01 5.282033386559064070e-01
3.917310988492848089e-01 5.125885690834675046e-01 3.919236314384253461e-01 5.282033386559064070e-01
3.923711976787855882e-01 5.439662467044614758e-01 3.920207407746012507e-01 5.368974313729495407e-01
3.923711976787855882e-01 5.439662467044614758e-01 3.927858634162362250e-01 5.465464443414020934e-01
3.932874550640192979e-01 5.494711821989710643e-01 3.927858633920493503e-01 5.465464441046279376e-01
3.942997081377130897e-01 5.553563275032846747e-01 3.932874548743239274e-01 5.494711823135176587e-01
8.378159936191114099e-01 8.523547771052282229e-01 8.419588554191363983e-01 8.532139495162596177e-01
8.531152721446044751e-01 8.556110978517663668e-01 8.419588554191363983e-01 8.532139495162596177e-01
8.201415518196881749e-01 7.272757496385935383e-01 8.229490995345365434e-01 7.268010931469106595e-01
8.260152557998594602e-01 7.262000872930371997e-01 8.281876303266813011e-01 7.258321986155529260e-01
9.443164218075619232e-01 2.682966887353730456e-01 9.468824756117903974e-01 2.699683605899689809e-01
9.391520794373704462e-01 2.637354337470032561e-01 9.421531306526489402e-01 2.662315709060045776e-01
8.311152137517949789e-01 7.253930052302144382e-01 8.281876304455710880e-01 7.258321980071560375e-01
8.157366612311740539e-01 7.281784289949095879e-01 8.185595096282121119e-01 7.277175094337806627e-01
8.115944056292221376e-01 7.292424435306656960e-01 8.081555610332884498e-01 7.291957075545099087e-01
8.045487721111896917e-01 7.291640606755152021e-01 8.062984960242545185e-01 7.291576983927612332e-01
9.647918798632915127e-01 2.803434599586491771e-01 9.648773535096921705e-01 2.803857969070868705e-01
9.653364650234408373e-01 2.806085395715172126e-01 9.691118596026981891e-01 2.823522634609325621e-01
9.745525579283480511e-01 2.860303792366494235e-01 9.729858607062666920e-01 2.850141056751951396e-01
9.613981509289111216e-01 2.793867550381419207e-01 9.647918798311044819e-01 2.803434597597305178e-01
9.685716057967255210e-01 2.612540006610530874e-02 9.709486478078872551e-01 2.632777648202466736e-02
9.648773535096921705e-01 2.803857969070868705e-01 9.653364650234408373e-01 2.806085395715172126e-01
9.699377374844964095e-01 2.826904802851313292e-01 9.691118595196233088e-01 2.823522633884962829e-01
1.633168650467560212e-01 9.703443152692994289e-01 1.664463177435120400e-01 9.726845082047645974e-01
8.241363781397517130e-01 8.482411318897220553e-01 8.254188987839086167e-01 8.483897751547715416e-01
8.378159936191114099e-01 8.523547771052282229e-01 8.257125496095483186e-01 8.484314324890789294e-01
8.174075785240990655e-01 8.473672136511751773e-01 8.241363788540723156e-01 8.482411315677156338e-01
8.254188987839086167e-01 8.483897751547715416e-01 8.257125496095483186e-01 8.484314324890789294e-01
4.634108961727179121e-01 8.354094260394049343e-01 4.656175954702916897e-01 8.355577436049514972e-01
4.515514676070822020e-01 8.366573405503920924e-01 4.596123159775036271e-01 8.358432182984323333e-01
8.174075785240990655e-01 8.473672136511751773e-01 8.112486874295612438e-01 8.460343079311627434e-01
4.658824572352209259e-01 8.355788724798021150e-01 4.656175954702916897e-01 8.355577436049514972e-01
4.596123159775036271e-01 8.358432182984323333e-01 4.634108961727179121e-01 8.354094260394049343e-01
8.112486874295612438e-01 8.460343079311627434e-01 8.063916253569374248e-01 8.453190273175579250e-01
8.529887654634862315e-01 7.200137960788062230e-01 8.559247327806644989e-01 7.196771600910309985e-01
8.335623829017713149e-01 7.247134806441053456e-01 8.331690357631700294e-01 7.248192027318367536e-01
8.469396100178094855e-01 7.213500478851830877e-01 8.504918570929334010e-01 7.205515643801803094e-01
8.469396096805468233e-01 7.213500478805592309e-01 8.446108997985177780e-01 7.218361223766542878e-01
8.431123007577987494e-01 7.221774025687466292e-01 8.387370318685221093e-01 7.232797813002100895e-01
8.588361170318492555e-01 7.193248266426888193e-01 8.559247327806644989e-01 7.196771600910309985e-01
8.311152137517949789e-01 7.253930052302144382e-01 8.324234500253595570e-01 7.250348670657729144e-01
8.324234500253595570e-01 7.250348670657729144e-01 8.331690358234444815e-01 7.248192028215036942e-01
8.504918570929334010e-01 7.205515643801803094e-01 8.529887654634862315e-01 7.200137960788062230e-01
8.446108997985177780e-01 7.218361223766542878e-01 8.431123007577987494e-01 7.221774025687466292e-01
8.387370317048556956e-01 7.232797819647061033e-01 8.335623830700455983e-01 7.247134808807231821e-01
8.604533360125685704e-01 7.190024683673712502e-01 8.613882160310026848e-01 7.188472005130961406e-01
8.588361170318492555e-01 7.193248266426888193e-01 8.604533360125685704e-01 7.190024683673712502e-01
8.623480942677028693e-01 7.186827801255324388e-01 8.613882160310026848e-01 7.188472005130961406e-01
8.857411773466026261e-01 7.120171617501558359e-01 8.889975078673160169e-01 7.104671073152601934e-01
8.857411773058032622e-01 7.120171613527226384e-01 8.812919821776858953e-01 7.134326093672740399e-01
8.768806762873104788e-01 7.149175484926857393e-01 8.740912240301668135e-01 7.156647290602009548e-01
8.676408366508354675e-01 7.175245902039044665e-01 8.672551477344399018e-01 7.176111009663515006e-01
8.909753000069997597e-01 7.095732912449754792e-01 8.889975078673160169e-01 7.104671073152601934e-01
4.658824572352209259e-01 8.355788724798021150e-01 4.710125290762512407e-01 8.364281469683430004e-01
8.812919820230948886e-01 7.134326090970937173e-01 8.768806762873104788e-01 7.149175484926857393e-01
8.740912236988336304e-01 7.156647296219613708e-01 8.676408366508354675e-01 7.175245902039044665e-01
8.623480942677028693e-01 7.186827801255324388e-01 8.655136818811612898e-01 7.179871355291247426e-01
8.655136820580509038e-01 7.179871354335816136e-01 8.672551478065300135e-01 7.176111011241419479e-01
7.524735048607933408e-01 4.203348993263027467e-01 7.512140165368350608e-01 4.200621415257188573e-01
7.464797730793506503e-01 4.180660779877589661e-01 7.512140165368350608e-01 4.200621415257188573e-01
7.524735048607933408e-01 4.203348993263027467e-01 7.592634441223466979e-01 4.225171451235532061e-01
7.596131879409537824e-01 4.223962559696239905e-01 7.592634442183623378e-01 4.225171442445940784e-01
7.752830904535130685e-01 4.178825005204700460e-01 7.649888307433485579e-01 4.208407830800986460e-01
7.596131879409537824e-01 4.223962559696239905e-01 7.649888307433485579e-01 4.208407830800986460e-01
1.118568343487174044e-01 9.137958968103312429e-01 1.160504292364157308e-01 9.198526196717011771e-01
9.053399459983570985e-01 5.625180324295133705e-01 9.086258817565564527e-01 5.615025760470864213e-01
9.109244519738233237e-01 5.607563181241737027e-01 9.147813487043237046e-01 5.594436168158551936e-01
9.178545657540837510e-01 5.584464677345124528e-01 9.208439167798729841e-01 5.573460936799818910e-01
9.109244519738233237e-01 5.607563181241737027e-01 9.086258816067509514e-01 5.615025753623328342e-01
9.147813487043237046e-01 5.594436168158551936e-01 9.178545657540837510e-01 5.584464677345124528e-01
9.218106702942154840e-01 5.570364905004705491e-01 9.208439167798729841e-01 5.573460936799818910e-01
9.324047198048175389e-01 5.530789352986866803e-01 9.328200812423119714e-01 5.528967709588812340e-01
4.185661501494686298e-02 6.305101732457991659e-01 4.174371285089284456e-02 6.305210569851738001e-01
2.895626302607312574e-02 6.317377396384138422e-01 4.127560868822710560e-02 6.305648232597711456e-01
5.099198562229995124e-02 6.299422138399712878e-01 4.185661580804370119e-02 6.305101737377576399e-01
9.347880841004716501e-01 5.520131425633358901e-01 9.328200811371551993e-01 5.528967703512677190e-01
4.174371285089284456e-02 6.305210569851738001e-01 4.127560727091683646e-02 6.305648229536444660e-01
6.909969086996596843e-01 8.467353404378741288e-01 6.880280732507344510e-01 8.446276839291613214e-01
6.864545570251685547e-01 8.434436009720833738e-01 6.817655327728431303e-01 8.420439067634788444e-01
6.651245043967186632e-01 4.584516067579191834e-02 6.610443349073307218e-01 4.380177342266833307e-02
6.494097749239298167e-01 3.703433004837053399e-02 6.547014363210763577e-01 4.035867989068986361e-02
6.494097748647078561e-01 3.703433034669689761e-02 6.489643287019291051e-01 3.661552372153342727e-02
9.248548980834208066e-01 9.686203428230939494e-01 9.239959873152372438e-01 9.631827059956350467e-01
6.880280732507344510e-01 8.446276839291613214e-01 6.864545570251685547e-01 8.434436009720833738e-01
6.817655327728431303e-01 8.420439067634788444e-01 6.796300504405117238e-01 8.414467432526215873e-01
6.571848997795495251e-01 4.215063191020329558e-02 6.610443349073307218e-01 4.380177342266833307e-02
6.571848995187110631e-01 4.215063209584712922e-02 6.547014359812752815e-01 4.035868047410218207e-02
6.476629682425611989e-01 3.533213176326813199e-02 6.489643287019291051e-01 3.661552372153342727e-02
9.220240400082708732e-01 9.523650082852128662e-01 9.239959879082206839e-01 9.631827047959440335e-01
9.221723994426402893e-01 9.515703525540846197e-01 9.220240400082708732e-01 9.523650082852128662e-01
9.053399459983570985e-01 5.625180324295133705e-01 9.047917103240195047e-01 5.626169733333483691e-01
9.033792125651558536e-01 5.628822489744607083e-01 9.038352576439763197e-01 5.628020585944142340e-01
9.033792127036397446e-01 5.628822492834695268e-01 8.982670954892952864e-01 5.638199642259067446e-01
9.038352576439763197e-01 5.628020585944142340e-01 9.047917103240195047e-01 5.626169733333483691e-01
7.685439045088156007e-01 2.957169055558478421e-02 7.711859664380789070e-01 2.839771813855052063e-02
6.451372569737143792e-01 3.323482362341585727e-02 6.443842789000768789e-01 3.269227186961298770e-02
6.369566177887833192e-01 2.829051362149570537e-02 6.396632965842812268e-01 2.988972865661354561e-02
7.577356476407288710e-01 3.492323003922503943e-02 7.598627832715010300e-01 3.380154664914591933e-02
7.631659770581382674e-01 3.217008455096637132e-02 7.653945480745569796e-01 3.094479959170703953e-02
1.037455303251246796e-01 6.149422176255026073e-01 9.715032313008009623e-02 6.178251630803970329e-01
6.435255448978765003e-01 3.204394120305054106e-02 6.443842788559521750e-01 3.269227177521161209e-02
6.435255448978765003e-01 3.204394120305054106e-02 6.396632965842812268e-01 2.988972865661354561e-02
7.598627832715010300e-01 3.380154664914591933e-02 7.631659767774223724e-01 3.217008454948322438e-02
7.668001646126398896e-01 3.026830597900365127e-02 7.653945477989871904e-01 3.094479914635828166e-02
7.685439045088156007e-01 2.957169055558478421e-02 7.668001646033903995e-01 3.026830575682598612e-02
9.288226991808579136e-02 6.196664638753279775e-01 9.715032313008009623e-02 6.178251630803970329e-01
6.451372569737143792e-01 3.323482362341585727e-02 6.471472040082915100e-01 3.489434763451415566e-02
9.984462041361297224e-01 4.643570322124102034e-01 9.982048801838843133e-01 4.644715720277652338e-01
1.037455303251246796e-01 6.149422176255026073e-01 1.113130977488261120e-01 6.104508755358850625e-01
4.538857483021274675e-01 9.277334821747977855e-01 4.608417001623426046e-01 9.392961263931987048e-01
6.476629682425611989e-01 3.533213176326813199e-02 6.471472037997614279e-01 3.489434724901108176e-02
9.291379980987741760e-01 9.355063305700923593e-01 9.287648121632443576e-01 9.363702874075876537e-01
9.221723994426402893e-01 9.515703525540846197e-01 9.231868603020201292e-01 9.476403472005427986e-01
9.324047198048175389e-01 5.530789352986866803e-01 9.316825037754945527e-01 5.533563429563734815e-01
9.248401048375569644e-01 5.559139239223185314e-01 9.269380609507322788e-01 5.551231769942148730e-01
5.099198562229995124e-02 6.299422138399712878e-01 6.780084150230147877e-02 6.271428725190624220e-01
9.218106702942154840e-01 5.570364905004705491e-01 9.248401049111976135e-01 5.559139248476583361e-01
9.269380610436321888e-01 5.551231775695661952e-01 9.316825036825946427e-01 5.533563423810221593e-01
6.780084150230147877e-02 6.271428725190624220e-01 7.436006858440524780e-02 6.256221350688520033e-01
7.975331244572786416e-02 6.243660259002141721e-01 7.436006797869765261e-02 6.256221349870765280e-01
7.975331244572786416e-02 6.243660259002141721e-01 8.167865575612553997e-02 6.236982237284998121e-01
9.288226991808579136e-02 6.196664638753279775e-01 8.167865575612553997e-02 6.236982237284998121e-01
6.231644220334717765e-01 9.216775961207397394e-01 6.244031604395416934e-01 9.205635145581254619e-01
3.914097188824108287e-01 9.094170090771580561e-01 3.934632359108398703e-01 9.196695940027517224e-01
3.944212752761515617e-01 9.243346618386851787e-01 3.934632353015858897e-01 9.196695950140583165e-01
3.944212756907896633e-01 9.243346615201026850e-01 3.951756797528958032e-01 9.300800828953583732e-01
3.914097188824108287e-01 9.094170090771580561e-01 3.910177494154698508e-01 9.067125559550692770e-01
3.910177496100857297e-01 9.067125552623451767e-01 3.904525774190119591e-01 9.034944125189099395e-01
3.904011497866877178e-01 9.032018334168236962e-01 3.904525774190119591e-01 9.034944125189099395e-01
3.882457457290371394e-01 8.808201446329348983e-01 3.886358283781952139e-01 8.845250082833615579e-01
3.869500655994464466e-01 8.705397698517813865e-01 3.882457457290371394e-01 8.808201446329348983e-01
3.887543898494385530e-01 8.857895395877761757e-01 3.886358282057699176e-01 8.845250089723026843e-01
3.904011497866877178e-01 9.032018334168236962e-01 3.887543897359591050e-01 8.857895395809971539e-01
4.688279553895249308e-01 6.863470419214152685e-01 4.701671347397198275e-01 6.874013821742863684e-01
4.785375912184122171e-01 6.939906322028832619e-01 4.812048274052340702e-01 6.959894784297766535e-01
4.680735300670089138e-01 6.857187976266572171e-01 4.688279553895249308e-01 6.863470419214152685e-01
4.701671345079265762e-01 6.874013822776703364e-01 4.785375912184122171e-01 6.939906322028832619e-01
4.882962894269524678e-01 7.013111561431593088e-01 4.812048285362156008e-01 6.959894786772249375e-01
4.895287021265160021e-01 7.020713890613530239e-01 4.924115837776845694e-01 7.038490208272776272e-01
5.020186236926220680e-01 7.097252267819733618e-01 4.924115834926112711e-01 7.038490210472563291e-01
4.882962894269524678e-01 7.013111561431593088e-01 4.895287019312526411e-01 7.020713891670702367e-01
3.868028876462034082e-01 8.666067458963928605e-01 3.868415269072400520e-01 8.676521620602102303e-01
3.869500655994464466e-01 8.705397698517813865e-01 3.868415259707393972e-01 8.676521639920764528e-01
3.868028876462034082e-01 8.666067458963928605e-01 3.871082279226953915e-01 8.604796410771982096e-01
3.881998845593634950e-01 8.434408629232921228e-01 3.871082279226953915e-01 8.604796410771982096e-01
3.881998845593634950e-01 8.434408629232921228e-01 3.883708447391729379e-01 8.413564884888664608e-01
3.891104455528741624e-01 8.323273629071058499e-01 3.883708439509918620e-01 8.413564895850118575e-01
3.891104455528741624e-01 8.323273629071058499e-01 3.892894585607464819e-01 8.313894067636340424e-01
3.899001432704958248e-01 8.284982945484040684e-01 3.892894589265853966e-01 8.313894066626019708e-01
6.166750822711151159e-01 9.289670086386898618e-01 6.231644220334717765e-01 9.216775961207397394e-01
8.471169308909622941e-01 3.861193517258580954e-01 8.471191896668086585e-01 3.861194217360801595e-01
8.471191896668086585e-01 3.861194217360801595e-01 8.471231316907550379e-01 3.861200979924634957e-01
7.841427643195053587e-02 8.298482131611124579e-01 7.858192438609323816e-02 8.310016085162708066e-01
7.615095147674766363e-02 8.143080580895494247e-01 7.621659801904634435e-02 8.147590308076644305e-01
7.901532310093850597e-02 8.338943712780242379e-01 7.858192419466353273e-02 8.310016085511948702e-01
8.471231316907550379e-01 3.861200979924634957e-01 8.552418347105437135e-01 3.879501331953383314e-01
7.621659758909560267e-02 8.147590309010279697e-01 7.841427675441359213e-02 8.298482130910898036e-01
7.513711587648286283e-02 7.931021083347324918e-01 7.538840197272556054e-02 7.983145194453271642e-01
7.615095147674766363e-02 8.143080580895494247e-01 7.603546697134699883e-02 8.116210075014063108e-01
7.538840160035764626e-02 7.983145193551504093e-01 7.603546734371491311e-02 8.116210075915830657e-01
7.501995823138907227e-02 7.909259386227347477e-01 7.513711564199532233e-02 7.931021082162743596e-01
7.582168489881396800e-02 7.727127684819983244e-01 7.521757109328230939e-02 7.857185933060293337e-01
7.501995823138907227e-02 7.909259386227347477e-01 7.521757109328230939e-02 7.857185933060293337e-01
9.457983484696512733e-01 8.772403855270738404e-01 9.442271811288804884e-01 8.763973865738705626e-01
7.591637137879492236e-02 7.718089684015136953e-01 7.638307295231872018e-02 7.668818882667309822e-01
7.638307295231872018e-02 7.668818882667309822e-01 7.673323111472996061e-02 7.631953120145453795e-01
7.582168489881396800e-02 7.727127684819983244e-01 7.591637119959138147e-02 7.718089689747706927e-01
9.483497674888621276e-01 8.788310864039488024e-01 9.457983484696512733e-01 8.772403855270738404e-01
5.971653501033675759e-01 9.481651810078526310e-01 5.988511114398171742e-01 9.466516478080855279e-01
6.084002615208490283e-01 9.380198627359845887e-01 6.120686327264124316e-01 9.340168870250380451e-01
6.166750822711151159e-01 9.289670086386898618e-01 6.165402790472978012e-01 9.291554027789690196e-01
5.988511122998936287e-01 9.466516468668544348e-01 6.084002615967705196e-01 9.380198612860795038e-01
6.120686327264124316e-01 9.340168870250380451e-01 6.165402794579151191e-01 9.291554032843869493e-01
5.946599867960351560e-01 9.506232694574849873e-01 5.971653501033675759e-01 9.481651810078526310e-01
8.004483148725811681e-01 4.005093789091009882e-01 8.071872884420843164e-01 3.965227771715742477e-01
8.133345032442207412e-01 3.935621955395163241e-01 8.213125859156917841e-01 3.907576446910976387e-01
8.071872884420843164e-01 3.965227771715742477e-01 8.133345032442207412e-01 3.935621955395163241e-01
8.222083519835035048e-01 3.904421851923380871e-01 8.213125843818200877e-01 3.907576454794963183e-01
8.371351151171637639e-01 3.867048764159903840e-01 8.433656238209508160e-01 3.863157985239809022e-01
8.471169308909622941e-01 3.861193517258580954e-01 8.433656238209508160e-01 3.863157985239809022e-01
8.222083519835035048e-01 3.904421851923380871e-01 8.371351151171637639e-01 3.867048764159903840e-01
3.957785300987950450e-01 5.626155299233914775e-01 3.982879620617580940e-01 5.730735062027036975e-01
3.990364987985778877e-01 5.760074053584595122e-01 3.987230737457063690e-01 5.748860235697259569e-01
3.957785300987950450e-01 5.626155299233914775e-01 3.951199897737183164e-01 5.593734951190754146e-01
3.987230739413636371e-01 5.748860234006478720e-01 3.982879621238111234e-01 5.730735063480683067e-01
3.942997081377130897e-01 5.553563275032846747e-01 3.951199904486966119e-01 5.593734938130872081e-01
3.990364987985778877e-01 5.760074053584595122e-01 3.990922482967302898e-01 5.761554922562481806e-01
4.006640176940408082e-01 5.802682321758325656e-01 3.990922474482809790e-01 5.761554920965501481e-01
4.011683611297920393e-01 5.816799911631560516e-01 4.006640174301097090e-01 5.802682319193870342e-01
9.737686601694548472e-01 8.889951992760956045e-01 9.719282222205265498e-01 8.890316743241726272e-01
4.105179942754575428e-01 6.010541968829281601e-01 4.070781539525825110e-01 5.941238730968336768e-01
4.037386443733321784e-01 5.872740239576588195e-01 4.028894919725303225e-01 5.854245768158747865e-01
9.612693469934657786e-01 8.882376281038896204e-01 9.719282222205265498e-01 8.890316743241726272e-01
4.070781553965101551e-01 5.941238727801554376e-01 4.037386442167729683e-01 5.872740241305010045e-01
4.011683611297920393e-01 5.816799911631560516e-01 4.028894919725303225e-01 5.854245768158747865e-01
9.483497674888621276e-01 8.788310864039488024e-01 9.558638631212943437e-01 8.843836616388216498e-01
9.612034936317677136e-01 8.882398706484337936e-01 9.558638635489895563e-01 8.843836617188642890e-01
9.612693469934657786e-01 8.882376281038896204e-01 9.612034937264573031e-01 8.882398709575660689e-01
5.946599867960351560e-01 9.506232694574849873e-01 5.940658434464669568e-01 9.513276839927833350e-01
4.723754102919341946e-02 7.369880428655477544e-01 4.534016441927568586e-02 7.359332381624916763e-01
4.603216926453868041e-01 6.773301362987211860e-01 4.560598998241403024e-01 6.720846600601362297e-01
4.603216922194537375e-01 6.773301360047732089e-01 4.616319906134052076e-01 6.788648533401087093e-01
4.534016331016321733e-02 7.359332380850567290e-01 3.502460723694422740e-02 7.313710018064796259e-01
4.560598998241403024e-01 6.720846600601362297e-01 4.518035812850342836e-01 6.667619289349886458e-01
4.641498181566059422e-01 6.818163275862858530e-01 4.616319914324655826e-01 6.788648524153053643e-01
4.659862198269850708e-01 6.838224033641198130e-01 4.653900839112807830e-01 6.831449052713338688e-01
4.641498181566059422e-01 6.818163275862858530e-01 4.653900839112807830e-01 6.831449052713338688e-01
3.173179788423130532e-01 5.705710405081738656e-01 3.169530890224336872e-01 5.701702244277839782e-01
3.324269455852988386e-01 5.832096194607352402e-01 3.453398884645926259e-01 5.728792517945677787e-01
3.172956939760369632e-01 5.689220668261434355e-01 3.169530878013766539e-01 5.701702243701447514e-01
3.265754387532435743e-01 5.795374201218059795e-01 3.324269455852988386e-01 5.832096194607352402e-01
8.719217994788337478e-01 5.967709820156859024e-01 8.766750077244580552e-01 5.938989835732400024e-01
3.160458337407070495e-01 5.657898291965111071e-01 3.080872880292773175e-01 5.583896828785555044e-01
2.912363226702208152e-01 5.464481383864061570e-01 3.080872880292773175e-01 5.583896828785555044e-01
2.737878780881943808e-01 5.384683707286450627e-01 2.682649052887202679e-01 5.308519702490812620e-01
8.038740250974001356e-01 6.421179678698933913e-01 8.052830507741077781e-01 6.360343586546832739e-01
2.874820568347216110e-01 5.450910543100233596e-01 2.841108698876020355e-01 5.448413469444250978e-01
8.018941892332698274e-01 6.369330418726963927e-01 8.052830507741077781e-01 6.360343586546832739e-01
3.160458337407070495e-01 5.657898291965111071e-01 3.172956939760369632e-01 5.689220668261434355e-01
8.616869516021186115e-01 5.966953580164044979e-01 8.719217994788337478e-01 5.967709820156859024e-01
8.507841615421298798e-01 5.834064928208455569e-01 8.492426069803684641e-01 5.862591867459912010e-01
8.555148368845619800e-01 5.820700627864798804e-01 8.609604733012581335e-01 5.961097921611795414e-01
8.555148374672398859e-01 5.820700621659398166e-01 8.534418461110675480e-01 5.819400888871300026e-01
8.528402324703527881e-01 5.818374135130000013e-01 8.507841610868007720e-01 5.834064934162936922e-01
8.470941490533832052e-01 5.897094817711483472e-01 8.492426069803684641e-01 5.862591867459912010e-01
8.616869516021186115e-01 5.966953580164044979e-01 8.609604733012581335e-01 5.961097921611795414e-01
8.534418461110675480e-01 5.819400888871300026e-01 8.528402324703527881e-01 5.818374135130000013e-01
2.874820568347216110e-01 5.450910543100233596e-01 2.912363226702208152e-01 5.464481383864061570e-01
8.132575013251006624e-01 6.036084392657468101e-01 8.204063847003268961e-01 6.019824710189318751e-01
8.204063847003268961e-01 6.019824710189318751e-01 8.328612889972504263e-01 6.016218777249235927e-01
8.350637453110181241e-01 6.011424554961948274e-01 8.328612889972504263e-01 6.016218777249235927e-01
8.350637453110181241e-01 6.011424554961948274e-01 8.470941490533832052e-01 5.897094817711483472e-01
7.879633351968013955e-01 6.391359241973812999e-01 7.859597600140197926e-01 6.286059005990303206e-01
9.065753036708699142e-01 3.581607522199646912e-03 9.106832138544369570e-01 9.854170140938100370e-04
2.626243806134018755e-01 5.249634974208312599e-01 2.648844022094196671e-01 5.268997660178946774e-01
7.978592552794623316e-01 6.419302523492973478e-01 7.989928803900312460e-01 6.395170294361776087e-01
7.844881441666879951e-01 6.278240201536871012e-01 7.859597600140197926e-01 6.286059005990303206e-01
9.862057566642761230e-01 6.944206076251902005e-01 9.860293374921624832e-01 6.946483225314707965e-01
8.018941892332698274e-01 6.369330418726963927e-01 7.989928803900312460e-01 6.395170294361776087e-01
7.813470022723476571e-01 6.074840835632295821e-01 7.876628525455684482e-01 6.039985868347148568e-01
7.794543847592123598e-01 6.140066666763690506e-01 7.772450068877390095e-01 6.282908054582136970e-01
7.844881441666879951e-01 6.278240201536871012e-01 7.772450068877390095e-01 6.282908054582136970e-01
7.876628525455684482e-01 6.039985868347148568e-01 7.883386424977132378e-01 6.032721862593177775e-01
8.132575013251006624e-01 6.036084392657468101e-01 8.079651823950939615e-01 6.004631559476081293e-01
7.975253850743406758e-01 5.957392535985306381e-01 7.883386428529135515e-01 6.032721863673042861e-01
7.975253850743406758e-01 5.957392535985306381e-01 8.079651830842262683e-01 6.004631561418527497e-01
7.813470022723476571e-01 6.074840835632295821e-01 7.797060495316543438e-01 6.077857150761545313e-01
7.794543847592123598e-01 6.140066666763690506e-01 7.797060495316543438e-01 6.077857150761545313e-01
1.118568343487174044e-01 9.137958968103312429e-01 1.107369378256521930e-01 9.119766567269937951e-01
3.173179788423130532e-01 5.705710405081738656e-01 3.236682241713495500e-01 5.782738885666987017e-01
3.265754387532435743e-01 5.795374201218059795e-01 3.236682216552697611e-01 5.782738909816096395e-01
2.737878780881943808e-01 5.384683707286450627e-01 2.756626643035344770e-01 5.418010716618937295e-01
2.754533177080951134e-01 5.425691040071427551e-01 2.804357043677419004e-01 5.473719238087495498e-01
2.804357052517598703e-01 5.473719241512924327e-01 2.831183395710397122e-01 5.450422175503035760e-01
2.756626643035344770e-01 5.418010716618937295e-01 2.754533177080951134e-01 5.425691040071427551e-01
2.841108698876020355e-01 5.448413469444250978e-01 2.831183395710397122e-01 5.450422175503035760e-01
3.506887667135440978e-01 7.728117541773755761e-01 3.520321514615236680e-01 7.720880601962925027e-01
3.457823532550392542e-01 7.671650401044018963e-01 3.520321533343988563e-01 7.720880604686470861e-01
3.422964545157780591e-01 7.861103760049701350e-01 3.423397476660312577e-01 7.890041823545672628e-01
3.474521549213325233e-01 8.068978755511440060e-01 3.457578363567623825e-01 8.071571545059583741e-01
9.316027192721616501e-01 1.114760700732763676e-01 9.312077994571978934e-01 1.103387390536019197e-01
3.423397476660312577e-01 7.890041823545672628e-01 3.489133442780705252e-01 8.047522850808874750e-01
3.377199188210582292e-01 8.089137290081822584e-01 3.457578363567623825e-01 8.071571545059583741e-01
9.310788527324405095e-01 1.100175395492124508e-01 9.312077994566030359e-01 1.103387391532773543e-01
9.310788520038366656e-01 1.100175396685815488e-01 9.312339621671803513e-01 1.090733089662978550e-01
3.422964545157780591e-01 7.861103760049701350e-01 3.506887667135440978e-01 7.728117541773755761e-01
3.457823532550392542e-01 7.671650401044018963e-01 3.361039720340874837e-01 7.586128417323596551e-01
3.335476441781430879e-01 7.598476424889426539e-01 3.361039719861995678e-01 7.586128431686454121e-01
3.107103117862379804e-01 7.686425149743740803e-01 3.276284723366789109e-01 7.603986193631548929e-01
3.107103133355479940e-01 7.686425140452897153e-01 3.143603727521622204e-01 7.825350147636527254e-01
3.335476441781430879e-01 7.598476424889426539e-01 3.276284716540605046e-01 7.603986193239613556e-01
3.143364634796945722e-01 7.825901813692013320e-01 3.143603727521622204e-01 7.825350147636527254e-01
3.107977911458350562e-01 8.298959592711518951e-01 3.127577284412383918e-01 8.278925781118129379e-01
3.133202599664315358e-01 8.265973534675001844e-01 3.127577292290038002e-01 8.278925782112942500e-01
3.133202599664315358e-01 8.265973534675001844e-01 3.294828527046274047e-01 8.143714175090934759e-01
3.377199188210582292e-01 8.089137290081822584e-01 3.294828527046274047e-01 8.143714175090934759e-01
2.875656898144622886e-01 7.958179339688014053e-01 3.131639335872478114e-01 7.832524908736786529e-01
3.143364634796945722e-01 7.825901813692013320e-01 3.131639335872478114e-01 7.832524908736786529e-01
2.875656898144622886e-01 7.958179339688014053e-01 2.871008334037163934e-01 7.908690025917248789e-01
2.832758271315172771e-01 7.998258581990617122e-01 2.871008330753497262e-01 7.908690035732810486e-01
3.107977911458350562e-01 8.298959592711518951e-01 3.111148587009093802e-01 8.401717119098819353e-01
3.102041469699052811e-01 8.518429080198011150e-01 2.976203634208811621e-01 8.552144903403053888e-01
3.111148587009093802e-01 8.401717119098819353e-01 3.102041469699052811e-01 8.518429080198011150e-01
2.953138498626208808e-01 8.554945869626715549e-01 2.976203635811893733e-01 8.552144915440944573e-01
2.795344798900680772e-01 8.341630508927639909e-01 2.774540624110386489e-01 8.408053308439775719e-01
2.915606599618513206e-01 8.568581050499057827e-01 2.953138498626208808e-01 8.554945869626715549e-01
2.769091841011803723e-01 8.418858934079622713e-01 2.774540624110386489e-01 8.408053308439775719e-01
2.795344798900680772e-01 8.341630508927639909e-01 2.742358969385834122e-01 8.284879185623843512e-01
2.742358969385834122e-01 8.284879185623843512e-01 2.687650086174357966e-01 8.290909394828815948e-01
2.685478366259683725e-01 8.253191838511355627e-01 2.687170988899900692e-01 8.258964041583567450e-01
2.821454988470089020e-01 8.027139803179359490e-01 2.685478380120624453e-01 8.253191831753377006e-01
2.687170988899900692e-01 8.258964041583567450e-01 2.687650086174357966e-01 8.290909394828815948e-01
2.821454988470089020e-01 8.027139803179359490e-01 2.825948627447596451e-01 8.014548017716229822e-01
2.832758271315172771e-01 7.998258581990617122e-01 2.824153871723304454e-01 8.009544389335020442e-01
2.824153869094665481e-01 8.009544389456593194e-01 2.825948625967491523e-01 8.014548023464680426e-01
2.643725542169694798e-01 8.497559410338231256e-01 2.658516209148018561e-01 8.505795809065332946e-01
2.664575751926672176e-01 8.454793008626504403e-01 2.731124648723568527e-01 8.433252438307334842e-01
2.915606599618513206e-01 8.568581050499057827e-01 2.893584624456266852e-01 8.582746651206178967e-01
2.893584624456266852e-01 8.582746651206178967e-01 2.658516209148018561e-01 8.505795809065332946e-01
2.769091841011803723e-01 8.418858934079622713e-01 2.731124628416745637e-01 8.433252444542755910e-01
2.643725542169694798e-01 8.497559410338231256e-01 2.638127477439127233e-01 8.496497821707720277e-01
2.664575751926672176e-01 8.454793008626504403e-01 2.651041920293799592e-01 8.438265088926488744e-01
2.638127477439127233e-01 8.496497821707720277e-01 2.632692140606565090e-01 8.491723088330900282e-01
2.629705284929498843e-01 8.487045270361091021e-01 2.651041918561389821e-01 8.438265095899808443e-01
2.629705277446081624e-01 8.487045270622601834e-01 2.632692142268580060e-01 8.491723091738452300e-01
