1.303015564064029519e-01 1.793317945275241243e-01 1.328916199728114589e-01 1.784492457022699430e-01
1.330465246108509803e-01 1.783925315207088858e-01 1.328916199728114589e-01 1.784492457022699430e-01
9.353590992945459703e-01 9.374916612438877195e-01 9.310117493511054221e-01 9.387327785848116335e-01
9.441544528049909957e-01 9.353203190582348725e-01 9.353590992945459703e-01 9.374916612438877195e-01
9.453427670446501452e-01 9.349711300073764164e-01 9.441544528049909957e-01 9.353203190582348725e-01
9.247504593467397171e-01 9.405628233295715290e-01 9.310117493511054221e-01 9.387327785848116335e-01
3.357118009909214607e-01 5.160926698420098546e-01 3.411349804221845972e-01 5.247090117169648238e-01
3.414077292523973739e-01 5.251595239837243412e-01 3.411349804221845972e-01 5.247090117169648238e-01
3.426714323836783649e-01 5.262368484790442835e-01 3.414077292523973739e-01 5.251595239837243412e-01
3.766576609600065240e-01 4.541966389327800613e-01 3.798934409735092999e-01 4.557594975621412914e-01
3.899675882469342270e-01 4.591371700195470140e-01 3.875600937932466294e-01 4.580380962747081508e-01
3.875600937932466294e-01 4.580380962747081508e-01 3.798934409735092999e-01 4.557594975621412914e-01
3.513567321011930034e-01 5.341610813571140426e-01 3.502619489300151656e-01 5.330750174572642663e-01
3.528775945798789948e-01 5.349026005983334997e-01 3.513567321011930034e-01 5.341610813571140426e-01
3.426714331039653061e-01 5.262368486409698676e-01 3.502619489300151656e-01 5.330750174572642663e-01
3.528775947472073682e-01 5.349026010582527135e-01 3.594794016603077291e-01 5.387597443035824218e-01
3.600040770465557927e-01 5.390889097575364275e-01 3.594794016603077291e-01 5.387597443035824218e-01
3.779731885273687197e-01 5.473148244347090241e-01 3.719540041710560629e-01 5.446886343998880164e-01
3.719540041710560629e-01 5.446886343998880164e-01 3.632854705357786429e-01 5.409065244024766628e-01
3.600040774546364730e-01 5.390889107158152171e-01 3.615741173805477882e-01 5.401496111714449988e-01
3.632854705357786429e-01 5.409065244024766628e-01 3.615741173805477882e-01 5.401496111714449988e-01
3.942470326382810919e-01 5.535456993129380665e-01 3.843698444904326550e-01 5.502153169650725317e-01
3.779731898978919702e-01 5.473148238037808255e-01 3.807582340753814520e-01 5.487611958894889064e-01
3.945860418770621436e-01 5.535462029727575839e-01 3.942470326382810919e-01 5.535456993129380665e-01
3.843698444904326550e-01 5.502153169650725317e-01 3.824688037539418772e-01 5.496403154029305682e-01
3.824688037539418772e-01 5.496403154029305682e-01 3.807582340753814520e-01 5.487611958894889064e-01
4.094518323632385659e-01 5.551108317735966580e-01 4.086674310922990827e-01 5.552678108860256145e-01
4.084238273488729476e-01 5.553213629059676748e-01 3.954989957110788268e-01 5.536212140926224379e-01
4.086674310922990827e-01 5.552678108860256145e-01 4.084238273488729476e-01 5.553213629059676748e-01
3.945860418770621436e-01 5.535462029727575839e-01 3.954989957110788268e-01 5.536212140926224379e-01
4.094518323632385659e-01 5.551108317735966580e-01 4.242115192925455247e-01 5.531966602616984474e-01
4.261103762901257141e-01 5.521006810980679802e-01 4.242115192925455247e-01 5.531966602616984474e-01
4.018942387967996410e-01 4.636230546770576666e-01 3.933321678770380636e-01 4.606167554086373350e-01
3.899675887483340375e-01 4.591371717916103989e-01 3.933321678770380636e-01 4.606167554086373350e-01
4.168706523094911631e-01 4.711393775416468088e-01 4.109171662457935525e-01 4.684495236003582974e-01
4.278663350888116668e-01 4.771687218274234255e-01 4.239421594763346235e-01 4.755190147796870548e-01
4.018942387967996410e-01 4.636230546770576666e-01 4.022134568840381452e-01 4.637288777519983363e-01
4.109171662457935525e-01 4.684495236003582974e-01 4.022134568840381452e-01 4.637288777519983363e-01
4.239421594763346235e-01 4.755190147796870548e-01 4.168706523094911631e-01 4.711393775416468088e-01
4.515631312153001176e-01 5.333897538665475224e-01 4.461109928924655854e-01 5.393638364550392694e-01
4.432819629684914275e-01 5.424844705425329039e-01 4.461109928924655854e-01 5.393638364550392694e-01
4.409193565361988476e-01 5.453631391340252321e-01 4.261321620102430652e-01 5.520905461674950887e-01
4.432819629684914275e-01 5.424844705425329039e-01 4.409193565361988476e-01 5.453631391340252321e-01
4.261103762901257141e-01 5.521006810980679802e-01 4.261321620102430652e-01 5.520905461674950887e-01
4.278929626077712101e-01 4.771797898980612018e-01 4.278663350888116668e-01 4.771687218274234255e-01
4.279699668514211908e-01 4.772113298589690800e-01 4.278929626077712101e-01 4.771797898980612018e-01
4.279699662096818069e-01 4.772113297693277301e-01 4.321160948407966051e-01 4.789035508810354225e-01
4.562855321360386185e-01 4.916112059196526829e-01 4.554293533848863262e-01 4.909310553939523203e-01
4.488234132447130875e-01 4.861097964850182862e-01 4.393945322308445700e-01 4.826655678222391277e-01
4.554293533848863262e-01 4.909310553939523203e-01 4.488234132447130875e-01 4.861097964850182862e-01
4.393945322308445700e-01 4.826655678222391277e-01 4.321160948407966051e-01 4.789035508810354225e-01
4.600778581765467834e-01 5.129716901863758949e-01 4.602951381356943372e-01 5.110003514986924955e-01
4.588420197163294301e-01 4.936156355010870023e-01 4.598957973009940581e-01 4.954574166226040077e-01
4.612846351881492168e-01 4.982485983975237787e-01 4.613110827523572155e-01 5.030107638575085360e-01
4.562855304041004700e-01 4.916112066182165563e-01 4.588420197163294301e-01 4.936156355010870023e-01
4.618060160695112160e-01 5.077750275201395880e-01 4.602951381356943372e-01 5.110003514986924955e-01
4.598957973009940581e-01 4.954574166226040077e-01 4.612846351881492168e-01 4.982485983975237787e-01
4.618060160695112160e-01 5.077750275201395880e-01 4.613110827523572155e-01 5.030107638575085360e-01
4.515631312153001176e-01 5.333897538665475224e-01 4.549471854221112110e-01 5.300519206783578241e-01
4.600778581765467834e-01 5.129716901863758949e-01 4.600529451413682414e-01 5.133457973566243338e-01
4.549471854221112110e-01 5.300519206783578241e-01 4.550478480724713393e-01 5.297387404874633887e-01
4.551276382184612501e-01 5.295154031926374572e-01 4.575856368707831301e-01 5.199056097598040438e-01
4.550478480724713393e-01 5.297387404874633887e-01 4.551276382184612501e-01 5.295154031926374572e-01
4.575856368707831301e-01 5.199056097598040438e-01 4.600529451413682414e-01 5.133457973566243338e-01
3.504138194453942923e-01 4.450691767718444325e-01 3.487795373490856221e-01 4.457152143475395789e-01
3.371270065681160055e-01 4.583655204369478930e-01 3.385606714970021969e-01 4.565066366385552854e-01
3.400334999468510588e-01 4.532456840227565564e-01 3.433109031047147930e-01 4.501821991631271835e-01
3.361563807175698138e-01 4.603330459674750408e-01 3.371270065681160055e-01 4.583655204369478930e-01
3.536777724049109395e-01 4.453328830057774468e-01 3.504138194453942923e-01 4.450691767718444325e-01
3.464000595161071949e-01 4.468215786071376705e-01 3.487795373490856221e-01 4.457152143475395789e-01
3.385606714970021969e-01 4.565066366385552854e-01 3.400334999468510588e-01 4.532456840227565564e-01
3.464000595161071949e-01 4.468215786071376705e-01 3.433109031047147930e-01 4.501821991631271835e-01
7.721723135345968103e-01 6.872751014199636188e-01 7.766646525697811221e-01 6.875656552889961581e-01
7.793996292036569074e-01 6.880050340399170850e-01 7.766646525697811221e-01 6.875656552889961581e-01
7.863632182299813422e-01 6.895601030559648237e-01 7.861018291089436616e-01 6.895148968164557246e-01
7.946244284976842209e-01 6.880164128306560656e-01 7.863632182299813422e-01 6.895601030559648237e-01
7.793996287405455803e-01 6.880050339129439863e-01 7.859235848852055284e-01 6.894888330947761546e-01
7.859235848852055284e-01 6.894888330947761546e-01 7.861018291089436616e-01 6.895148968164557246e-01
3.766576615984433829e-01 4.541966381410409426e-01 3.733132123267708380e-01 4.525461949523092997e-01
3.733132123267708380e-01 4.525461949523092997e-01 3.670045363802820759e-01 4.502563708168745293e-01
3.599309429794388393e-01 4.462894908074912514e-01 3.670045363802820759e-01 4.502563708168745293e-01
3.595407825014405034e-01 4.462220864328614311e-01 3.599309429794388393e-01 4.462894908074912514e-01
3.536777724049109395e-01 4.453328830057774468e-01 3.537176644124873093e-01 4.453369424890368800e-01
3.595407826760030900e-01 4.462220873460456261e-01 3.537176644124873093e-01 4.453369424890368800e-01
8.077120305532012878e-01 6.862983973819254402e-01 7.996084075282614556e-01 6.873551352243212342e-01
8.095907379061380027e-01 6.854210211590014978e-01 8.077120305532012878e-01 6.862983973819254402e-01
7.946244284976842209e-01 6.880164128306560656e-01 7.996084075282614556e-01 6.873551352243212342e-01
8.257474742860368977e-01 6.797136943233219597e-01 8.237500656190546167e-01 6.804085410537830114e-01
8.295017594947466932e-01 6.769345736180980566e-01 8.257474742860368977e-01 6.797136943233219597e-01
8.095907379061380027e-01 6.854210211590014978e-01 8.237500656190546167e-01 6.804085410537830114e-01
8.540980633846473324e-01 5.973403681344180427e-01 8.553652155376383348e-01 5.972453227813332433e-01
8.578067517927152608e-01 5.967974949452425903e-01 8.591925057336027294e-01 5.949761382963494327e-01
8.619662574449389325e-01 5.923728491083242176e-01 8.619523581206518514e-01 5.908128879834482206e-01
8.625245296043679843e-01 5.875082677367302608e-01 8.621783989655398273e-01 5.868263241694986476e-01
8.607667840231663092e-01 5.830559810572486512e-01 8.607911918397128659e-01 5.831354327454354447e-01
8.578067517927152608e-01 5.967974949452425903e-01 8.553652155376383348e-01 5.972453227813332433e-01
8.591925057336027294e-01 5.949761382963494327e-01 8.619662574449389325e-01 5.923728491083242176e-01
8.619523581206518514e-01 5.908128879834482206e-01 8.625245296043679843e-01 5.875082677367302608e-01
8.609311614415418035e-01 5.835602600061413625e-01 8.621783989655398273e-01 5.868263241694986476e-01
8.609311614415418035e-01 5.835602600061413625e-01 8.607911918397128659e-01 5.831354327454354447e-01
8.583420682973539328e-01 5.802595333146527423e-01 8.607667840231663092e-01 5.830559810572486512e-01
8.540980633846473324e-01 5.973403681344180427e-01 8.500270821096869156e-01 5.976435686584196105e-01
8.577003652960435431e-01 5.794805073495756798e-01 8.581367710558325257e-01 5.800187338832554218e-01
8.500270821096869156e-01 5.976435686584196105e-01 8.469961767786928775e-01 5.961276409820674971e-01
8.379909739440947192e-01 5.846251878650505773e-01 8.383661269010467265e-01 5.887502817636125485e-01
8.583420682973539328e-01 5.802595333146527423e-01 8.581367710558325257e-01 5.800187338832554218e-01
8.573314746808549103e-01 5.780699925345160750e-01 8.577003652960435431e-01 5.794805073495756798e-01
8.384013717778469044e-01 5.916221894483992827e-01 8.469961767786928775e-01 5.961276409820674971e-01
8.384013717778469044e-01 5.916221894483992827e-01 8.383661269010467265e-01 5.887502817636125485e-01
8.873764890406050654e-01 9.192682297401120195e-01 8.964196982994572238e-01 9.126469772196941221e-01
8.873764890406050654e-01 9.192682297401120195e-01 8.875057957178817958e-01 9.211899190032077911e-01
8.877465164428439692e-01 9.260825708646951426e-01 8.898119456178728015e-01 9.292014047391239373e-01
8.984057462438173047e-01 9.109801529044574409e-01 8.964196982994572238e-01 9.126469772196941221e-01
8.875057957178817958e-01 9.211899190032077911e-01 8.877465164428439692e-01 9.260825708646951426e-01
8.913122167917237881e-01 9.315397805864207292e-01 8.898119456178728015e-01 9.292014047391239373e-01
8.936795404661097564e-01 9.341840498963165373e-01 8.913122167917237881e-01 9.315397805864207292e-01
8.984057466690060778e-01 9.109801530001604419e-01 8.989208692728574146e-01 9.104436014526889887e-01
9.005981897586563534e-01 9.097551428038053167e-01 8.989208692728574146e-01 9.104436014526889887e-01
9.132652829313689935e-01 9.030890939062494738e-01 9.121458763497258815e-01 9.038160345151950992e-01
9.245051529898216103e-01 9.013941593530923058e-01 9.233930664344569550e-01 9.012607227568345536e-01
9.132652829313689935e-01 9.030890939062494738e-01 9.141383393778923505e-01 9.028573311337879659e-01
9.005981891946888140e-01 9.097551432437427366e-01 9.121458763497258815e-01 9.038160345151950992e-01
9.151785794410880470e-01 9.028150170977102817e-01 9.233930664344569550e-01 9.012607227568345536e-01
9.151785794410880470e-01 9.028150170977102817e-01 9.141383393778923505e-01 9.028573311337879659e-01
9.389194588523253060e-01 4.070793815652695713e-02 9.373462256205975507e-01 4.285429787650785194e-02
9.358918393354560550e-01 4.747541031946245216e-02 9.373462256205975507e-01 4.285429787650785194e-02
6.016759009567778094e-01 3.165369146876351181e-01 6.031978084208891033e-01 3.134235875413455830e-01
6.052537252186063199e-01 3.089119645360458577e-01 6.031978084208891033e-01 3.134235875413455830e-01
6.272236145417302566e-01 2.901707869797292005e-01 6.265736471204679248e-01 2.905633847013854854e-01
6.265736471204679248e-01 2.905633847013854854e-01 6.245451218103541535e-01 2.950396337617360309e-01
6.228955290604236694e-01 2.977625896568598662e-01 6.232717636248779058e-01 2.966876632967636596e-01
6.232717636248779058e-01 2.966876632967636596e-01 6.245451218103541535e-01 2.950396337617360309e-01
6.117685677110760167e-01 2.927752088143620313e-01 6.052537256484384898e-01 3.089119657927952289e-01
6.272236145417302566e-01 2.901707869797292005e-01 6.275944864370003318e-01 2.899301454887405760e-01
6.145176346626630703e-01 2.843835244081382996e-01 6.146143552553340328e-01 2.842904816036639915e-01
6.292919827403125055e-01 2.885234628459212303e-01 6.275944864370003318e-01 2.899301454887405760e-01
6.150004224926544083e-01 2.838877197917986095e-01 6.146143552553340328e-01 2.842904816036639915e-01
6.246449988087761085e-01 2.742955088310274903e-01 6.150004224926544083e-01 2.838877197917986095e-01
6.117685668377603747e-01 2.927752089615296427e-01 6.145176346626630703e-01 2.843835244081382996e-01
6.415856714471033229e-01 2.716498826647395504e-01 6.412519169404333752e-01 2.712246214172600034e-01
6.315425793717963643e-01 2.869401487864209344e-01 6.309444413035727450e-01 2.872321641879145293e-01
6.386494636445121387e-01 2.689336635420791488e-01 6.359857987537935742e-01 2.691485484991433808e-01
6.282655966183554597e-01 2.699395613097328450e-01 6.262571165545622875e-01 2.724552654619531999e-01
6.412519169404333752e-01 2.712246214172600034e-01 6.386494636445121387e-01 2.689336635420791488e-01
6.303389966170005465e-01 2.875418668121653143e-01 6.309444413035727450e-01 2.872321641879145293e-01
6.292919827403125055e-01 2.885234628459212303e-01 6.303389966170005465e-01 2.875418668121653143e-01
6.359857987537935742e-01 2.691485484991433808e-01 6.282655966183554597e-01 2.699395613097328450e-01
6.246449988087761085e-01 2.742955088310274903e-01 6.262571165545622875e-01 2.724552654619531999e-01
1.682220130224854060e-01 1.534437552632903490e-01 1.704257302340890234e-01 1.518327916942752154e-01
1.655033380733148540e-01 1.558404388102161420e-01 1.682220130224854060e-01 1.534437552632903490e-01
1.750804072914453613e-01 1.480098776642089220e-01 1.704257302340890234e-01 1.518327916942752154e-01
1.916702865031305603e-01 1.338168734939533255e-01 1.864652951978338358e-01 1.381614203263850094e-01
1.750804061101760567e-01 1.480098760625807586e-01 1.864652951978338358e-01 1.381614203263850094e-01
1.961523302859395912e-01 1.299716026954911285e-01 1.916702862078132341e-01 1.338168730935462847e-01
1.986704367619935852e-01 1.277394502642525964e-01 2.021681628093610072e-01 1.246332906608023094e-01
2.105997821814629134e-01 1.157024400123343177e-01 2.121453484907958043e-01 1.125056159637314313e-01
2.021681628093610072e-01 1.246332906608023094e-01 2.070787264551281481e-01 1.201585141685144187e-01
2.166532570964481152e-01 1.085518673540497581e-01 2.121453484907958043e-01 1.125056159637314313e-01
2.105997821814629134e-01 1.157024400123343177e-01 2.070787264551281481e-01 1.201585141685144187e-01
1.986704359728781455e-01 1.277394502735484938e-01 1.975492849556466091e-01 1.286985789424632820e-01
1.961523302859395912e-01 1.299716026954911285e-01 1.975492849556466091e-01 1.286985789424632820e-01
2.290762783704813899e-01 1.497220806674759430e-01 2.383200075648159721e-01 1.435779210329779509e-01
2.396143698806669775e-01 1.427961652461595676e-01 2.383200075648159721e-01 1.435779210329779509e-01
2.184332255983107984e-01 1.560923071436537413e-01 2.290762783704813899e-01 1.497220806674759430e-01
2.300401264110987221e-01 9.687057341686022838e-02 2.313691108720652423e-01 9.668347502262042426e-02
2.300401264110987221e-01 9.687057341686022838e-02 2.292750164533439161e-01 9.731248226773780985e-02
2.423506889420314891e-01 9.376027693355704073e-02 2.313691108720652423e-01 9.668347502262042426e-02
2.290558315243860221e-01 9.753513788291501285e-02 2.292750164533439161e-01 9.731248226773780985e-02
2.284948883313803192e-01 9.801240159555527076e-02 2.217603828400189769e-01 1.021661216339952993e-01
2.170769210044486974e-01 1.081189253154591218e-01 2.173054158919989209e-01 1.075181629366417924e-01
2.166532577195532383e-01 1.085518682371047205e-01 2.170769210044486974e-01 1.081189253154591218e-01
2.290558315243860221e-01 9.753513788291501285e-02 2.284948883313803192e-01 9.801240159555527076e-02
2.179731063161565174e-01 1.068036219512733531e-01 2.217603828400189769e-01 1.021661216339952993e-01
2.179731063161565174e-01 1.068036219512733531e-01 2.173054158919989209e-01 1.075181629366417924e-01
2.625634003860026766e-01 1.249887368610429483e-01 2.607955651132178865e-01 1.271561189465745256e-01
2.602533766742489707e-01 1.278233414424401748e-01 2.607955651132178865e-01 1.271561189465745256e-01
2.396143698806669775e-01 1.427961652461595676e-01 2.432058783902408816e-01 1.408687152550291977e-01
2.602533767868955294e-01 1.278233412189209162e-01 2.551902438196531619e-01 1.345336670327110795e-01
2.551902438196531619e-01 1.345336670327110795e-01 2.432058783902408816e-01 1.408687152550291977e-01
2.469269911677720586e-01 9.327863269435887617e-02 2.447368584389675306e-01 9.283013872693901547e-02
2.423506889420314891e-01 9.376027693355704073e-02 2.447368584389675306e-01 9.283013872693901547e-02
2.469269911677720586e-01 9.327863269435887617e-02 2.480135954853106561e-01 9.340304319639525232e-02
2.581068754568365264e-01 9.375718003991506677e-02 2.594115012396933651e-01 9.567033886897124972e-02
2.480135954853106561e-01 9.340304319639525232e-02 2.581068754568365264e-01 9.375718003991506677e-02
2.610756649020320452e-01 9.803983482256573012e-02 2.594115012396933651e-01 9.567033886897124972e-02
2.625634003860026766e-01 1.249887368610429483e-01 2.644064399255201536e-01 1.229541697990002014e-01
2.641680419116951839e-01 1.064813116263767512e-01 2.635564169596091855e-01 1.039756028101032070e-01
2.644064399255201536e-01 1.229541697990002014e-01 2.650185187550717636e-01 1.152085477602804442e-01
2.626992371970335860e-01 1.002702856614166027e-01 2.635564169596091855e-01 1.039756028101032070e-01
2.610756659096895582e-01 9.803983486462963803e-02 2.626992371970335860e-01 1.002702856614166027e-01
2.650185187550717636e-01 1.152085477602804442e-01 2.641680419116951839e-01 1.064813116263767512e-01
9.307758574988902467e-01 9.015644515532850178e-01 9.372397760282069612e-01 9.011018360581388720e-01
9.402165534331734520e-01 9.021052411488836853e-01 9.449237459037611586e-01 9.025746140252017824e-01
9.245051521998775002e-01 9.013941591549254895e-01 9.293459810416138112e-01 9.014225738665198051e-01
9.307758574988902467e-01 9.015644515532850178e-01 9.302204942025547041e-01 9.013662410780520773e-01
9.402165534331734520e-01 9.021052411488836853e-01 9.372397760282069612e-01 9.011018360581388720e-01
9.481126396505019649e-01 9.023494316813320815e-01 9.449237459037611586e-01 9.025746140252017824e-01
9.302204942025547041e-01 9.013662410780520773e-01 9.293459810416138112e-01 9.014225738665198051e-01
9.481126396551537994e-01 9.023494318913947154e-01 9.498815810581846542e-01 9.021739713658853965e-01
9.512105816002591752e-01 9.019545902231511647e-01 9.498815809715566161e-01 9.021739713201810673e-01
9.518904616935558449e-01 9.018218923487353322e-01 9.578793317922684736e-01 9.005747770234542315e-01
9.578793317922684736e-01 9.005747770234542315e-01 9.697090598196211886e-01 8.984659311967817530e-01
9.744982082549213942e-01 8.977026906329612643e-01 9.697090598196211886e-01 8.984659311967817530e-01
9.512105822061300842e-01 9.019545905409955822e-01 9.518904616935558449e-01 9.018218923487353322e-01
9.928126872299003480e-01 8.932274909824400311e-01 9.887283837463156644e-01 8.940558872196895379e-01
9.887283837463156644e-01 8.940558872196895379e-01 9.862600489619941513e-01 8.948127124383482567e-01
9.744982074139763029e-01 8.977026920430404289e-01 9.862600489619941513e-01 8.948127124383482567e-01
9.979777833441119128e-01 8.919220754772823057e-01 9.928126872299003480e-01 8.932274909824400311e-01
1.079992239139171417e-02 2.398486409729816415e-01 1.260800421924455905e-02 2.394001214823557877e-01
1.462105802016518130e-02 2.388207109624242985e-01 1.260800421924455905e-02 2.394001214823557877e-01
1.866832272899682232e-02 2.376482197497260529e-01 1.462105802016518130e-02 2.388207109624242985e-01
9.314339136263924956e-01 6.100615947189580446e-02 9.325545516307514049e-01 5.735455870527261801e-02
9.358918409543228734e-01 4.747541050967307719e-02 9.325545516307514049e-01 5.735455870527261801e-02
9.573052996564896944e-01 4.182245749058038919e-02 9.561487186162480612e-01 4.384627439626492817e-02
9.543901396110214819e-01 4.601852803968647931e-02 9.534913682690557835e-01 4.758418533474900736e-02
9.573052996564896944e-01 4.182245749058038919e-02 9.590023216473184675e-01 4.076210447390660185e-02
9.543901396110214819e-01 4.601852803968647931e-02 9.561487186162480612e-01 4.384627439626492817e-02
9.526199172983922381e-01 4.972017954778351623e-02 9.534913682690557835e-01 4.758418533474900736e-02
9.600673817520970488e-01 3.871975771823010781e-02 9.590023216473184675e-01 4.076210447390660185e-02
7.069638545374807848e-01 9.548381761155884107e-01 7.043885799188149832e-01 9.520007754503634345e-01
7.016320886526798972e-01 9.495103771336772525e-01 7.030387710291332581e-01 9.501107456347437363e-01
7.068526155895176188e-01 9.627352267673527919e-01 7.068649518062040116e-01 9.626733535186788870e-01
7.069382977905238619e-01 9.623455575010897434e-01 7.076753083523392718e-01 9.597357980635692343e-01
7.069638545374807848e-01 9.548381761155884107e-01 7.071034657054244832e-01 9.562066789814540613e-01
7.052604823359658326e-01 9.644853470448850885e-01 7.068526155895176188e-01 9.627352267673527919e-01
7.030387710291332581e-01 9.501107456347437363e-01 7.043885799188149832e-01 9.520007754503634345e-01
7.068649518062040116e-01 9.626733535186788870e-01 7.069382977905238619e-01 9.623455575010897434e-01
7.079023417545986518e-01 9.592070785724668980e-01 7.076753083523392718e-01 9.597357980635692343e-01
7.079023417545986518e-01 9.592070785724668980e-01 7.071034657054244832e-01 9.562066789814540613e-01
9.279740908636995300e-01 7.368793439944132384e-02 9.276055429437946032e-01 7.262549739831064555e-02
9.314339143926986253e-01 6.100616003753123184e-02 9.275434504553565773e-01 7.237816900297872058e-02
9.296327241712063483e-01 7.931226332793439582e-02 9.279740908636995300e-01 7.368793439944132384e-02
9.276055429437946032e-01 7.262549739831064555e-02 9.275434504553565773e-01 7.237816900297872058e-02
9.442980751169862685e-01 9.916163285665513527e-02 9.461957595706190771e-01 9.963567101993832387e-02
9.329115733132855581e-01 8.881554446241701761e-02 9.406311760683632173e-01 9.571782456838051623e-02
9.296327256797241034e-01 7.931226273341529520e-02 9.308891643341556943e-01 8.472608463277020441e-02
9.464215983568600166e-01 9.967987462326410864e-02 9.461957595706190771e-01 9.963567101993832387e-02
9.406311760683632173e-01 9.571782456838051623e-02 9.442980751169862685e-01 9.916163285665513527e-02
9.308891643341556943e-01 8.472608463277020441e-02 9.329115733132855581e-01 8.881554446241701761e-02
9.469994127243315241e-01 6.716419136913931442e-02 9.478350306526754920e-01 6.955159506670649527e-02
9.516705555182616294e-01 5.166252366586432387e-02 9.518087199751570360e-01 5.134990333991384936e-02
9.479291773488078832e-01 6.232196884575635920e-02 9.473262760199201438e-01 6.516381445652319471e-02
9.479291773488078832e-01 6.232196884575635920e-02 9.481701784986285020e-01 6.045450767215587717e-02
9.484427588619013250e-01 5.925613670824425583e-02 9.496759674272574614e-01 5.577004114841699334e-02
9.485871929267162272e-01 7.191677623709225031e-02 9.478350306526754920e-01 6.955159506670649527e-02
9.526199172983922381e-01 4.972017954778351623e-02 9.521335741011069942e-01 5.075915553337617681e-02
9.521335741011069942e-01 5.075915553337617681e-02 9.518087199751570360e-01 5.134990333991384936e-02
9.473262760199201438e-01 6.516381445652319471e-02 9.469994127243315241e-01 6.716419136913931442e-02
9.481701784986285020e-01 6.045450767215587717e-02 9.484427588619013250e-01 5.925613670824425583e-02
9.496759674272574614e-01 5.577004114841699334e-02 9.516705555182616294e-01 5.166252366586432387e-02
9.489823628521285581e-01 7.330634450351433684e-02 9.493582073916426722e-01 7.411681506738154734e-02
9.485871929267162272e-01 7.191677623709225031e-02 9.489823628521285581e-01 7.330634450351433684e-02
9.497204685170288485e-01 7.494780361476438557e-02 9.493582073916426722e-01 7.411681506738154734e-02
9.531684275122245253e-01 9.589864881756327009e-02 9.514856489619418767e-01 9.881430096292020959e-02
9.531684275122245253e-01 9.589864881756327009e-02 9.530260395078489211e-01 9.191413920966018392e-02
9.531682378181418613e-01 8.796361847136824341e-02 9.525915867568590656e-01 8.546532593264510869e-02
9.517170641289478539e-01 7.968835519021344460e-02 9.515789227130815320e-01 7.934290453940673338e-02
9.506292014700932214e-01 1.005852333838734847e-01 9.514856489619418767e-01 9.881430096292020959e-02
9.464215983568600166e-01 9.967987462326410864e-02 9.506292014700932214e-01 1.005852333838734847e-01
9.530260395078489211e-01 9.191413920966018392e-02 9.531682378181418613e-01 8.796361847136824341e-02
9.525915867568590656e-01 8.546532593264510869e-02 9.517170641289478539e-01 7.968835519021344460e-02
9.497204681354318723e-01 7.494780327141870035e-02 9.509044375520159242e-01 7.778311924598863003e-02
9.509044375520159242e-01 7.778311924598863003e-02 9.515789227130815320e-01 7.934290453940673338e-02
8.971232161141249328e-01 9.380665452478731403e-01 8.962882932512239442e-01 9.374011868410980775e-01
8.936795404661097564e-01 9.341840498963165373e-01 8.962882932512239442e-01 9.374011868410980775e-01
8.971232159229884928e-01 9.380665446429929943e-01 9.012318269199814935e-01 9.417995549197604177e-01
9.015707536436892156e-01 9.418215909813270059e-01 9.012318269199814935e-01 9.417995549197604177e-01
9.162581254750747917e-01 9.429703146215686616e-01 9.066131588338226521e-01 9.422103624564250879e-01
9.015707536436892156e-01 9.418215909813270059e-01 9.066131588338226521e-01 9.422103624564250879e-01
9.228663147510900444e-01 9.411030356016070186e-01 9.162581254750747917e-01 9.429703146215686616e-01
8.714440893214359107e-01 5.491223159184119851e-01 8.687870002700250893e-01 5.524146187900633720e-01
8.672482355111483798e-01 5.546983357873997988e-01 8.652050917169642474e-01 5.584976949513520417e-01
8.631424317961067239e-01 5.615513408194346967e-01 8.622978265693719280e-01 5.644513967918902697e-01
8.672482355111483798e-01 5.546983357873997988e-01 8.687870002700250893e-01 5.524146187900633720e-01
8.652050917169642474e-01 5.584976949513520417e-01 8.631424317961067239e-01 5.615513408194346967e-01
8.616126698745070200e-01 5.654141917481716462e-01 8.622978265693719280e-01 5.644513967918902697e-01
8.566902064094534808e-01 5.758335578395623600e-01 8.568656125037281690e-01 5.762184857614043310e-01
8.368498294826256512e-01 5.733392186515917643e-01 8.368625915984537755e-01 5.734380360018196399e-01
8.379909739440947192e-01 5.846251878650505773e-01 8.368884877702367220e-01 5.738473160192860689e-01
8.420583324997181762e-01 5.654419170160132069e-01 8.368498294826256512e-01 5.733392186515917643e-01
8.573314746808549103e-01 5.780699925345160750e-01 8.568656125037281690e-01 5.762184857614043310e-01
8.368625915984537755e-01 5.734380360018196399e-01 8.368884877702367220e-01 5.738473160192860689e-01
9.171047197335489010e-01 5.217518279116001301e-01 9.193216512465669510e-01 5.182695356572619705e-01
9.206939794968622692e-01 5.163808632031980927e-01 9.185148349013729785e-01 5.121195650676444444e-01
9.171047197335489010e-01 5.217518279116001301e-01 9.132029311122300541e-01 5.238307837436859682e-01
9.014925889350604571e-01 5.289144884270896574e-01 9.069717563311656683e-01 5.268234477528125348e-01
9.014925889350604571e-01 5.289144884270896574e-01 9.009450334933521987e-01 5.289657537716218050e-01
9.174037492549231843e-01 5.102047379454806020e-01 9.129725530944909906e-01 5.081076426318169581e-01
9.193216512465669510e-01 5.182695356572619705e-01 9.206939794968622692e-01 5.163808632031980927e-01
9.185148349013729785e-01 5.121195650676444444e-01 9.174037492549231843e-01 5.102047379454806020e-01
9.096872080304614361e-01 5.260501616800989932e-01 9.132029311122300541e-01 5.238307837436859682e-01
9.096872080304614361e-01 5.260501616800989932e-01 9.069717563311656683e-01 5.268234477528125348e-01
8.993081876842934363e-01 5.290617697402513198e-01 9.009450334933521987e-01 5.289657537716218050e-01
9.042581930138251511e-01 5.036314692918277824e-01 9.129725530944909906e-01 5.081076426318169581e-01
9.035053946207085573e-01 5.036415393467024160e-01 9.042581930138251511e-01 5.036314692918277824e-01
8.714440887615282350e-01 5.491223143703827247e-01 8.718517200119301203e-01 5.485819675475226420e-01
8.728454618841472445e-01 5.471928352958728148e-01 8.724948614811400827e-01 5.476429456440115029e-01
8.728454618841472445e-01 5.471928352958728148e-01 8.765638841059999464e-01 5.421586947199568129e-01
8.724948614811400827e-01 5.476429456440115029e-01 8.718517200119301203e-01 5.485819675475226420e-01
8.786111552266042679e-01 5.398101497738565513e-01 8.765638841059999464e-01 5.421586947199568129e-01
8.963024442392075741e-01 5.293470324940088290e-01 8.954412757004295287e-01 5.294492713182616939e-01
8.875465491492917636e-01 5.313454624181410679e-01 8.904203521520983600e-01 5.306500389584698496e-01
8.875465491492917636e-01 5.313454624181410679e-01 8.857258797159346386e-01 5.329484313239909454e-01
8.829987586818281997e-01 5.355390971974580694e-01 8.810457990485329738e-01 5.371724104618045281e-01
8.793239946380229100e-01 5.154585429238878191e-01 8.731645081052779034e-01 5.220864882049056632e-01
8.944404606878544328e-01 5.295382640618546688e-01 8.954412757004295287e-01 5.294492713182616939e-01
8.944404606878544328e-01 5.295382640618546688e-01 8.904203521520983600e-01 5.306500389584698496e-01
8.857258797159346386e-01 5.329484313239909454e-01 8.829987586818281997e-01 5.355390971974580694e-01
8.799014201950947633e-01 5.382911643021135450e-01 8.810457990485329738e-01 5.371724104618045281e-01
8.786111552266042679e-01 5.398101497738565513e-01 8.799014201950947633e-01 5.382911643021135450e-01
8.693567834780537851e-01 5.263661387891147569e-01 8.731645081052779034e-01 5.220864882049056632e-01
8.963024434481621228e-01 5.293470318469282176e-01 8.986883070712053945e-01 5.291108366773535909e-01
8.865396702201593371e-01 5.074129201041683856e-01 8.867756030973374948e-01 5.073366974765374238e-01
8.793239952387459368e-01 5.154585446208344024e-01 8.865396702201593371e-01 5.074129201041683856e-01
8.876748140047254765e-01 5.071396089308537469e-01 8.996773636882471337e-01 5.037576231059528453e-01
8.993081876419282139e-01 5.290617699968347409e-01 8.986883070712053945e-01 5.291108366773535909e-01
8.867756030973374948e-01 5.073366974765374238e-01 8.876748140047254765e-01 5.071396089308537469e-01
9.035053946207085573e-01 5.036415393467024160e-01 8.996773636882471337e-01 5.037576231059528453e-01
8.566902057893575062e-01 5.758335573991666401e-01 8.563892655272493659e-01 5.751675592906024814e-01
8.594419614321200385e-01 5.684467964697259568e-01 8.590552784743854531e-01 5.704692205127368521e-01
8.420583324997181762e-01 5.654419170160132069e-01 8.517089308559988581e-01 5.502584984800940049e-01
8.616126696673589436e-01 5.654141927167515291e-01 8.594419614321200385e-01 5.684467964697259568e-01
8.590552784743854531e-01 5.704692205127368521e-01 8.563892655272493659e-01 5.751675592906024814e-01
8.517089308559988581e-01 5.502584984800940049e-01 8.554912272111643290e-01 5.441741921396525683e-01
8.583926462920743461e-01 5.391699250104124985e-01 8.554912272111643290e-01 5.441741921396525683e-01
8.583926471461289509e-01 5.391699256660587025e-01 8.594268684981303252e-01 5.373018628505770167e-01
8.693567834780537851e-01 5.263661387891147569e-01 8.594268684981303252e-01 5.373018628505770167e-01
1.450555970778992787e-01 2.190661235635005255e-01 1.471833077039521598e-01 2.193526022949300325e-01
1.671785811423660562e-01 2.118581526022538242e-01 1.580605781837203239e-01 2.163948147581589154e-01
1.540145918976332240e-01 2.185637706048728646e-01 1.580605781837203239e-01 2.163948147581589154e-01
1.540145918976332240e-01 2.185637706048728646e-01 1.471833077039521598e-01 2.193526022949300325e-01
1.671785811423660562e-01 2.118581526022538242e-01 1.695638512468323200e-01 2.106501655459842026e-01
1.695638512468323200e-01 2.106501655459842026e-01 1.716556297153306598e-01 2.084566288867890638e-01
1.718454603951062865e-01 2.082568545392824433e-01 1.716556297153306598e-01 2.084566288867890638e-01
1.861061889694459737e-01 1.928156979884256828e-01 1.839287166685217301e-01 1.955576715588218661e-01
1.909756498788581780e-01 1.840161734316545505e-01 1.861061889694459737e-01 1.928156979884256828e-01
1.831053188100493223e-01 1.964121053330298849e-01 1.839287166685217301e-01 1.955576715588218661e-01
1.718454603951062865e-01 2.082568545392824433e-01 1.831053188100493223e-01 1.964121053330298849e-01
1.339757014480819630e-01 1.780303042292715743e-01 1.354222879089801435e-01 1.772302562800709413e-01
1.444609877217410965e-01 1.722270980307083477e-01 1.470051336632138828e-01 1.703725712384431823e-01
1.330465250313512815e-01 1.783925309532224945e-01 1.339757014480819630e-01 1.780303042292715743e-01
1.354222879089801435e-01 1.772302562800709413e-01 1.444609877217410965e-01 1.722270980307083477e-01
1.537935762550226571e-01 1.654606527924435966e-01 1.470051336632138828e-01 1.703725712384431823e-01
1.548642980215775289e-01 1.646122082656141239e-01 1.573659336818789001e-01 1.626250466384115967e-01
1.655033377371495362e-01 1.558404396104950962e-01 1.573659336818789001e-01 1.626250466384115967e-01
1.537935762550226571e-01 1.654606527924435966e-01 1.548642980215775289e-01 1.646122082656141239e-01
1.930142606473559397e-01 1.808464922188193214e-01 1.924668409983830708e-01 1.816834112910907795e-01
1.909756498788581780e-01 1.840161734316545505e-01 1.924668409983830708e-01 1.816834112910907795e-01
1.930142606473559397e-01 1.808464922188193214e-01 1.964725836118943469e-01 1.762235235215103835e-01
2.079139335898076979e-01 1.652151505875387727e-01 1.964725836118943469e-01 1.762235235215103835e-01
2.079139335898076979e-01 1.652151505875387727e-01 2.093296261754578058e-01 1.638868002371662858e-01
2.154583703694616936e-01 1.581287999618212758e-01 2.093296261754578058e-01 1.638868002371662858e-01
2.154583708955364330e-01 1.581287999769553920e-01 2.161390009827174330e-01 1.575807842942007764e-01
2.184332255983107984e-01 1.560923071436537413e-01 2.161390009827174330e-01 1.575807842942007764e-01
1.324542820991179148e-01 2.174828177009811014e-01 1.450555960595172333e-01 2.190661233028179389e-01
9.894939672598077607e-01 9.278317094674584098e-01 9.894956851775867923e-01 9.278318598897669078e-01
2.073968201334330796e-02 2.745414784066344538e-01 2.074336032138576411e-02 2.745422401390901768e-01
3.226051512521024844e-02 2.762419800418709492e-01 3.130511012648967695e-02 2.763144627076075110e-01
4.522157193024711752e-02 2.753581939947338242e-01 4.484606453429917927e-02 2.753844908885021425e-01
2.865699520662436106e-02 2.762320626225378550e-01 3.130511012648967695e-02 2.763144627076075110e-01
2.074336036338153555e-02 2.745422401058696948e-01 2.865699520662436106e-02 2.762320626225378550e-01
4.484606453429917927e-02 2.753844908885021425e-01 3.226051512521024844e-02 2.762419800418709492e-01
5.925221987240603116e-02 2.687141769708087935e-01 5.589939231647311768e-02 2.704419071626604776e-01
4.522157227324485884e-02 2.753581949239460869e-01 4.760368835307360325e-02 2.751126403026553646e-01
5.589939231647311768e-02 2.704419071626604776e-01 4.760368835307360325e-02 2.751126403026553646e-01
6.008044490703401408e-02 2.674287882324204446e-01 5.925221987240603116e-02 2.687141769708087935e-01
6.538114275274597986e-02 2.535166438421194712e-01 6.223851380603573347e-02 2.641238398948329014e-01
6.008044490703401408e-02 2.674287882324204446e-01 6.223851380603573347e-02 2.641238398948329014e-01
6.381263682548099503e-02 2.408797187984175192e-01 6.462389327349571388e-02 2.422828634778997348e-01
6.563636028880781570e-02 2.527717478446084298e-01 6.503478047537636364e-02 2.467499161743431646e-01
6.503478047537636364e-02 2.467499161743431646e-01 6.462389327349571388e-02 2.422828634778997348e-01
6.538114275274597986e-02 2.535166438421194712e-01 6.563636028880781570e-02 2.527717478446084298e-01
6.261861085520470382e-02 2.384121817033856283e-01 6.381263699951489343e-02 2.408797186462976470e-01
1.123881006317251074e-01 2.008606432585606782e-01 1.137045259189307655e-01 2.025050701289745625e-01
1.213287035401704461e-01 2.117367386802735396e-01 1.262312533853143792e-01 2.142988571857888935e-01
1.324542834429127680e-01 2.174828164527369267e-01 1.321554975980647195e-01 2.174478278085621163e-01
1.137045259189307655e-01 2.025050701289745625e-01 1.213287035401704461e-01 2.117367386802735396e-01
1.262312533853143792e-01 2.142988571857888935e-01 1.321554975980647195e-01 2.174478278085621163e-01
1.103113416797736335e-01 1.983342964044139123e-01 1.123880993583270538e-01 2.008606420639438284e-01
9.453427670446501452e-01 9.349711300073764164e-01 9.527630173214216569e-01 9.328537558541309949e-01
9.591594827715494986e-01 9.311064424785708837e-01 9.668965380441711943e-01 9.297537771302017973e-01
9.527630165489284764e-01 9.328537562112728665e-01 9.591594827715494986e-01 9.311064424785708837e-01
9.677655519777488280e-01 9.296013993901084405e-01 9.668965380441711943e-01 9.297537771302017973e-01
9.814102075007475889e-01 9.275105919633137574e-01 9.864688088275865852e-01 9.276898289781163598e-01
9.894939672598077607e-01 9.278317094674584098e-01 9.864688088275865852e-01 9.276898289781163598e-01
9.677655519777488280e-01 9.296013993901084405e-01 9.814102075007475889e-01 9.275105919633137574e-01
2.376740177386053171e-02 2.360488253982331308e-01 3.046715161739210753e-02 2.326881223023136158e-01
3.227077457705296304e-02 2.316211539155546006e-01 3.162798615102145605e-02 2.321051306540420356e-01
2.376740177386053171e-02 2.360488253982331308e-01 2.148686111825044015e-02 2.367578251451791793e-01
3.162798615102145605e-02 2.321051306540420356e-01 3.046715161739210753e-02 2.326881223023136158e-01
1.866832215389854777e-02 2.376482202597589577e-01 2.148686111825044015e-02 2.367578251451791793e-01
3.227077457705296304e-02 2.316211539155546006e-01 3.236038834310672740e-02 2.315457962751816812e-01
3.480122941437502337e-02 2.293797259829133406e-01 3.236038834310672740e-02 2.315457962751816812e-01
3.571105497450810518e-02 2.287460055409538118e-01 3.480122941437502337e-02 2.293797259829133406e-01
4.800245210769571447e-02 2.171407297781486889e-01 4.945096640238727526e-02 2.181596554440035085e-01
4.800245210769571447e-02 2.171407297781486889e-01 4.374919925454681668e-02 2.215392095762751534e-01
3.945457146334593879e-02 2.257302277393946621e-01 3.821601724160879343e-02 2.267257109212716948e-01
5.733091959362113244e-02 2.247431904123224911e-01 4.945096640238727526e-02 2.181596554440035085e-01
4.374919925454681668e-02 2.215392095762751534e-01 3.945457146334593879e-02 2.257302277393946621e-01
3.571105530045537435e-02 2.287460052617156236e-01 3.821601724160879343e-02 2.267257109212716948e-01
6.261861103273247409e-02 2.384121815533042366e-01 5.958496556475578743e-02 2.304055898469563601e-01
5.738349579473719930e-02 2.247780696529988465e-01 5.958496556475578743e-02 2.304055898469563601e-01
5.733091959362113244e-02 2.247431904123224911e-01 5.738349579473719930e-02 2.247780696529988465e-01
1.103113416797736335e-01 1.983342964044139123e-01 1.097488147366313394e-01 1.976872074536355495e-01
1.083758688035743045e-01 1.853473083379533204e-01 1.084416415280038404e-01 1.873452518981716386e-01
1.221391772381781315e-01 1.820976582044906422e-01 1.153514973647653541e-01 1.837912318022634217e-01
1.221391772381781315e-01 1.820976582044906422e-01 1.240432290902506729e-01 1.814510834559603936e-01
1.084416415280038404e-01 1.873452518981716386e-01 1.097488147366313394e-01 1.976872074536355495e-01
1.153514973647653541e-01 1.837912318022634217e-01 1.083758688035743045e-01 1.853473083379533204e-01
1.277077048371815238e-01 1.802126162019703770e-01 1.240432290902506729e-01 1.814510834559603936e-01
1.303015564064029519e-01 1.793317945275241243e-01 1.294012549824827274e-01 1.795785640129127780e-01
1.277077048371815238e-01 1.802126162019703770e-01 1.294012549824827274e-01 1.795785640129127780e-01
8.292962865915569637e-01 1.890255507151445968e-01 8.295371373685416216e-01 1.885788718002189002e-01
8.239955343869942439e-01 2.061756926217035435e-01 8.444093393506122425e-01 2.136497418981193608e-01
8.312285444634961440e-01 1.884460620567866007e-01 8.295371373685416216e-01 1.885788718002189002e-01
8.246053261082124664e-01 1.999492477497284426e-01 8.239955343869942439e-01 2.061756926217035435e-01
8.466465531792408683e-01 2.085538157955468819e-01 8.444093393506122425e-01 2.136497418981193608e-01
8.344743887416896655e-01 1.863130588767845097e-01 8.397732337517567203e-01 1.770033615818684680e-01
8.461412785293873640e-01 1.585649858737170348e-01 8.397732337517567203e-01 1.770033615818684680e-01
8.495207668836073367e-01 1.409352044816998273e-01 8.580103782811372426e-01 1.336040566436667021e-01
8.580103782811372426e-01 1.336040566436667021e-01 8.635078915896707841e-01 1.380352014826469187e-01
8.460897856626949931e-01 1.548991360032641040e-01 8.449506216212299137e-01 1.519359671646682841e-01
8.650216157235561809e-01 1.350767837140738337e-01 8.635078915896707841e-01 1.380352014826469187e-01
8.344743895204080886e-01 1.863130587461183651e-01 8.312285440760938116e-01 1.884460615515468618e-01
8.564985867788905693e-01 2.011295835707933577e-01 8.466465531792408683e-01 2.085538157955468819e-01
8.779270020099900762e-01 2.007012385254443032e-01 8.768252762790369470e-01 1.979659868018436297e-01
8.748309215167067165e-01 2.049019528247693067e-01 8.576645478793094579e-01 2.009315102780116491e-01
8.748309215167067165e-01 2.049019528247693067e-01 8.768124707282360930e-01 2.034657092193299377e-01
8.774442650190623638e-01 2.030856056368830487e-01 8.779270020099900762e-01 2.007012385254443032e-01
8.757486465030890344e-01 1.944509231612507882e-01 8.768252762790369470e-01 1.979659868018436297e-01
8.564985867788905693e-01 2.011295835707933577e-01 8.576645478793094579e-01 2.009315102780116491e-01
8.768124707282360930e-01 2.034657092193299377e-01 8.774442650190623638e-01 2.030856056368830487e-01
8.460897854072269020e-01 1.548991360533638062e-01 8.461412785293873640e-01 1.585649858737170348e-01
8.895898630338692215e-01 1.620569084232954538e-01 8.857646830470926602e-01 1.681544738585500909e-01
8.857646830470926602e-01 1.681544738585500909e-01 8.768552995404412798e-01 1.773823231391276067e-01
8.756572912378430829e-01 1.792487429564744161e-01 8.768552995404412798e-01 1.773823231391276067e-01
8.756572901729775538e-01 1.792487431505236373e-01 8.757486471669757577e-01 1.944509239792742150e-01
8.715506881279839746e-01 1.237816821909791809e-01 8.837131187779689867e-01 1.282477981341223483e-01
8.715506881279839746e-01 1.237816821909791809e-01 8.648617636801221309e-01 1.266875029227714222e-01
8.645380219629990037e-01 1.267580739367140108e-01 8.624022049650688082e-01 1.293575550624858073e-01
8.624022049650688082e-01 1.293575550624858073e-01 8.641824110459928043e-01 1.315310875458092221e-01
8.854526336184527224e-01 1.276243163652983625e-01 8.837131187779689867e-01 1.282477981341223483e-01
8.648617636801221309e-01 1.266875029227714222e-01 8.645380219629990037e-01 1.267580739367140108e-01
8.650216163743067455e-01 1.350767844069995505e-01 8.641824110459928043e-01 1.315310875458092221e-01
9.064127995447961439e-01 1.368258302494780310e-01 9.058699746397378405e-01 1.433466866548041008e-01
9.014406297020940428e-01 1.317833134996524436e-01 8.893843512992689604e-01 1.221364765019257725e-01
8.854526336184527224e-01 1.276243163652983625e-01 8.893843512992689604e-01 1.221364765019257725e-01
9.058699748015186515e-01 1.433466862097887429e-01 9.060708231252082578e-01 1.442453726080832332e-01
8.895898630338692215e-01 1.620569084232954538e-01 8.957974402604333974e-01 1.600111085831774638e-01
9.067386670175690000e-01 1.551388109669442628e-01 9.060708231252082578e-01 1.442453726080832332e-01
9.067386670175690000e-01 1.551388109669442628e-01 8.957974402604333974e-01 1.600111085831774638e-01
9.064127995447961439e-01 1.368258302494780310e-01 9.069962753936007260e-01 1.354749993014587039e-01
9.014406283259575048e-01 1.317833121040461464e-01 9.069962753936007260e-01 1.354749993014587039e-01
9.228663147510900444e-01 9.411030356016070186e-01 9.247504593467397171e-01 9.405628233295715290e-01
8.292962862714894356e-01 1.890255503308939655e-01 8.243605095885442324e-01 1.970447814658271568e-01
8.246053261082124664e-01 1.999492477497284426e-01 8.243605095885442324e-01 1.970447814658271568e-01
8.495207668836073367e-01 1.409352044816998273e-01 8.457917682069258092e-01 1.436773047882038412e-01
8.446886542874345594e-01 1.437611931985958158e-01 8.401814359840829027e-01 1.496615093454901069e-01
8.401814359840829027e-01 1.496615093454901069e-01 8.443057220078085123e-01 1.511566306607344812e-01
8.457917682069258092e-01 1.436773047882038412e-01 8.446886542874345594e-01 1.437611931985958158e-01
8.449506216212299137e-01 1.519359671646682841e-01 8.443057220078085123e-01 1.511566306607344812e-01
6.878897506890417901e-01 2.850667046115304970e-01 6.890998495760942699e-01 2.859707778494573471e-01
6.876648012416204381e-01 2.790274043955136563e-01 6.890998495760942699e-01 2.859707778494573471e-01
9.608767921069123474e-01 3.915657369447558267e-01 9.617534126312854426e-01 3.941009987815817794e-01
9.713436097447170070e-01 4.106372978619194924e-01 9.699605948477616479e-01 4.105631360375063821e-01
9.719788454580269299e-01 4.090225023784985758e-01 9.719613408281737588e-01 4.099313210524280215e-01
9.617534126312854426e-01 3.941009987815817794e-01 9.719788454580269299e-01 4.090225023784985758e-01
9.635522396866846861e-01 4.106712164938386422e-01 9.699605948477616479e-01 4.105631360375063821e-01
9.719787771356311890e-01 4.101994016975702984e-01 9.719613408281737588e-01 4.099313210524280215e-01
9.719787771356311890e-01 4.101994016975702984e-01 9.713436097447170070e-01 4.106372978619194924e-01
9.608767921069123474e-01 3.915657369447558267e-01 9.641578807759714209e-01 3.822324923047553114e-01
9.582390813644252603e-01 3.769767825436609598e-01 9.473346322687385967e-01 3.686737636853010258e-01
9.454958326244273792e-01 3.692691399245653372e-01 9.473346322687385967e-01 3.686737636853010258e-01
9.282466701107408014e-01 3.742627366853996662e-01 9.405055502967911707e-01 3.692238868907420368e-01
9.282466701107408014e-01 3.742627366853996662e-01 9.356013003783169024e-01 3.853199043782231104e-01
9.454958326244273792e-01 3.692691399245653372e-01 9.405055502967911707e-01 3.692238868907420368e-01
9.355970551589543049e-01 3.853607474385176701e-01 9.356013003783169024e-01 3.853199043782231104e-01
9.461774820834989441e-01 4.269470015442422550e-01 9.473173492520254868e-01 4.252242624926503289e-01
9.474455463094528795e-01 4.240073621376581059e-01 9.473173492520254868e-01 4.252242624926503289e-01
9.474455463094528795e-01 4.240073621376581059e-01 9.579689164083937669e-01 4.147010075985875233e-01
9.635522389172166413e-01 4.106712157377785388e-01 9.579689164083937669e-01 4.147010075985875233e-01
9.160464131019274703e-01 3.954250732437207816e-01 9.347652869746223558e-01 3.858696013203082309e-01
9.355970560421340565e-01 3.853607481274803348e-01 9.347652869746223558e-01 3.858696013203082309e-01
9.160464122187477187e-01 3.954250725547581169e-01 9.141598747129977554e-01 3.914990533119491189e-01
9.134519088039505519e-01 3.987747189120964819e-01 9.141598747129977554e-01 3.914990533119491189e-01
9.461774820834989441e-01 4.269470015442422550e-01 9.492336011027724396e-01 4.378319841800237811e-01
9.515991588212422414e-01 4.500808836787355549e-01 9.415639296672857483e-01 4.525113952567925146e-01
9.492336011027724396e-01 4.378319841800237811e-01 9.515991588212422414e-01 4.500808836787355549e-01
9.396331270613700326e-01 4.525999017008475178e-01 9.415639296672857483e-01 4.525113952567925146e-01
9.199181276828110043e-01 4.306715471282043239e-01 9.199152731125563864e-01 4.374096153807183196e-01
9.367116395496837278e-01 4.539402590150747319e-01 9.396331263501593867e-01 4.525999009589867228e-01
9.197335213229322903e-01 4.385031031649724298e-01 9.199152731125563864e-01 4.374096153807183196e-01
9.199181278299732867e-01 4.306715461924461863e-01 9.136497778890522170e-01 4.253569287804026544e-01
9.136497778890522170e-01 4.253569287804026544e-01 9.089686266381242774e-01 4.262988549631110402e-01
9.076972052208116537e-01 4.228765561618210711e-01 9.080124563759603973e-01 4.233905437494627222e-01
9.132954446406174043e-01 4.012973900384508852e-01 9.076972052208116537e-01 4.228765561618210711e-01
9.080124563759603973e-01 4.233905437494627222e-01 9.089686266381242774e-01 4.262988549631110402e-01
9.132954446406174043e-01 4.012973900384508852e-01 9.133250560199226431e-01 4.002012466880944253e-01
9.134519085775281155e-01 3.987747187523069670e-01 9.130186638579393943e-01 3.997961986390716760e-01
9.130186638579393943e-01 3.997961986390716760e-01 9.133250560199226431e-01 4.002012466880944253e-01
9.107747015814631197e-01 4.473982464217272081e-01 9.123034466221131566e-01 4.482215005458378698e-01
9.114655855722162414e-01 4.427469291572379007e-01 9.167661355350773533e-01 4.401879483204018673e-01
9.367116393553835962e-01 4.539402588384096049e-01 9.351471042761836383e-01 4.555392345340095739e-01
9.351471042761836383e-01 4.555392345340095739e-01 9.123034466221131566e-01 4.482215005458378698e-01
9.197335213229322903e-01 4.385031031649724298e-01 9.167661355350773533e-01 4.401879483204018673e-01
9.107747015814631197e-01 4.473982464217272081e-01 9.102467831924457853e-01 4.473501779733733419e-01
9.114655855722162414e-01 4.427469291572379007e-01 9.098081804651578786e-01 4.411872701365788796e-01
9.102467831924457853e-01 4.473501779733733419e-01 9.096320120909207052e-01 4.469164224260552265e-01
9.092381091983567920e-01 4.464657024313185563e-01 9.098081804651578786e-01 4.411872701365788796e-01
9.092381091983567920e-01 4.464657024313185563e-01 9.096320120909207052e-01 4.469164224260552265e-01
